0.000000
-7084.078827
-7078.025665
-6655.810760
-6648.956604
-6999.145355
-6665.004059
-7236.792877
-7008.660339
-6854.818176
-7025.610168
-7017.500793
-7035.529358
-7026.669952
-7019.785370
-7032.338623
-7039.226379
-7049.103973
-7035.509766
-7030.835175
-7047.875092
-7048.224762
-7049.581238
-7035.833649
-7027.166901
-7031.462738
-7011.290344
-7076.289368
-7039.216339
-7029.378052
-7049.895996
-7093.558014
-7084.632324
-7086.061615
-7095.484802
-7083.260956
-7096.233215
-7072.757507
-7085.743134
-7090.270447
-7074.533630
-7092.635864
-7054.546967
-7058.767487
-7072.322906
-7043.235382
-7087.834656
-7097.841492
-7079.223999
-7062.187225
-7143.972321
-7093.387543
-7089.663239
-7097.319336
-7136.698151
-7066.531342
-7098.783813
-7097.736969
-7095.490723
-7096.795105
-7063.695465
-7094.155609
-7114.377136
-7090.207550
-7092.788391
-7104.561249
-7101.510315
-7100.474091
-7268.362061
-7099.846436
-7105.290741
-7108.758209
-7264.847137
-7112.987915
-7117.723785
-7138.938995
-7445.309662
-7373.029449
-7489.031219
-7055.303040
-7131.021393
-7093.466705
-7349.216461
-7097.515106
-7086.239319
-7105.653625
-7074.126038
-7084.231873
-7106.492004
-7109.244446
-7593.635620
-7238.189941
-7167.370941
-7303.251831
-7421.808807
-7598.264221
-7726.130890
-7230.458771
-7418.389923
-7114.383820
-7083.151794
-7364.416290
-7259.528290
-7166.356384
-7231.233032
-7306.776093
-7346.568237
-7334.212280
-7404.772095
-7215.867096
-7234.755188
-7516.043365
-7298.728943
-7394.048889
-7211.291534
-7541.284119
-7373.182037
-7328.998505
-7290.140564
-7263.202332
-7279.323822
-7260.679352
-6951.776398
-7140.014709
-7208.222534
-7255.355652
-7270.246094
-7209.430145
-7288.612640
-6911.532684
-7219.957428
-7112.440308
-7305.115997
-7225.455627
-6735.032043
-7090.341400
-7078.417267
-6989.176605
-7128.442108
-6945.071716
-6811.604919
-6536.221008
-6615.240631
-6628.855774
-6534.610138
-6891.042297
-6647.984894
-7170.056305
-7041.905792
-6355.402466
-6397.111237
-6514.248047
-7024.682739
-6460.212006
-6989.663757
-7130.242310
-6767.874451
-6989.666840
-6684.004913
-6715.787506
-7112.661102
-6671.425629
-6472.350800
-6602.802216
-6572.784607
-6712.286926
-6568.623871
-6666.069702
-6562.575928
-7065.033508
-6433.743774
-6944.512146
-7022.544739
-6982.002472
-6669.009979
-6821.521423
-6599.993011
-6892.126770
-7157.599579
-6616.359283
-6690.880463
-6972.043488
-6741.058899
-6515.745087
-6523.139374
-6638.292389
-6528.082611
-6503.923981
-6471.802368
-6807.573151
-6327.928741
-6501.698792
-6565.581207
-6597.823242
-7092.568542
-7133.245880
-7221.105804
-8081.556976
-7150.569946
-7347.445099
-7079.443604
-6949.298431
-6939.267548
-6904.056305
-7416.492218
-7089.765930
-7367.644348
-6876.139832
-6977.671570
-7053.027130
-7807.233398
-7083.443146
-7674.826569
-7576.748322
-7664.591431
-7411.245239
-7602.115387
-7679.823761
-7585.521942
-7603.819641
-7599.577789
-7372.530457
-7607.960876
-7575.102051
-7629.783875
-7656.631226
-7596.438873
-7665.915894
-7476.034393
-7531.565338
-7665.998291
-7568.145264
-7698.628754
-7646.940369
-7640.946411
-7402.052917
-7633.563904
-7401.380676
-7640.743866
-7638.227753
-7645.111389
-7584.471680
-7629.563843
-7577.546600
-7627.512573
-7380.115936
-7647.717163
-7378.825989
-7536.330963
-7378.317657
-7650.347260
-7603.255188
-7380.482574
-7637.084991
-7409.804138
-7625.550842
-7655.243896
-7635.010681
-7636.876709
-7647.089874
-7631.216156
-7656.806183
-7596.618713
-7609.515533
-7611.592896
-7608.934906
-7614.950531
-7595.484009
-7604.366455
-7617.330231
-7599.437439
-7623.291077
-7636.665436
-7679.073914
-7675.282440
-7659.154938
-7624.165833
-7638.423492
-7704.660553
-7626.820099
-7671.693634
-7561.221832
-7595.196747
-7615.732819
-7654.388489
-7662.068909
-7646.272461
-7617.370087
-7630.319305
-7703.066742
-7686.466156
-7576.570984
-7406.844299
-7619.797180
-7644.185211
-7613.355133
-7460.433624
-7643.244507
-7471.978333
-7735.661041
-7717.529053
-7720.423645
-7723.925812
-7647.784760
-7570.967346
-7577.001923
-7636.437592
-7658.646240
-7659.345764
-7639.044556
-7406.759521
-7621.793427
-7400.069397
-7636.599121
-7618.853149
-7113.741211
-7165.479309
-7248.320740
-7269.717834
-6961.754761
-7165.641235
-7135.196075
-7329.547028
-7219.379028
-7210.988434
-7284.723206
-7161.613770
-7167.451813
-7142.022430
-7162.284546
-7124.243500
-7162.905914
-7149.221893
-7140.296478
-7153.302521
-7146.708771
-7210.323883
-7263.217224
-7235.077240
-7146.674957
-7132.938324
-7199.614349
-7270.989136
-7241.666870
