0.000000
-7247.503632
-7471.675812
-7571.507294
-7547.671906
-7799.246643
-7600.686157
-7915.631470
-7595.161774
-7657.231232
-7634.451416
-7638.006836
-7360.921356
-7198.332916
-7222.250671
-7244.197205
-7400.553375
-7635.726532
-7260.891541
-7268.750793
-7278.008911
-7713.200073
-7502.653351
-7493.413940
-7811.807495
-7319.271271
-7678.920776
-7751.277435
-7336.853119
-7247.086121
-7220.064484
-7306.152679
-7554.061584
-7445.974762
-7603.452728
-7920.229736
-7416.704041
-7869.943726
-7810.011566
-7736.694916
-7758.263275
-7907.937256
-8032.320984
-7522.421997
-7438.333740
-7962.447845
-7862.320343
-8297.310974
-7605.475159
-8280.796051
-8317.389038
-8259.828430
-8299.045959
-8231.264709
-7997.159332
-7404.778046
-7914.727478
-8182.080109
-7964.334534
-7974.244049
-7356.064423
-7370.874481
-8398.222992
-7540.025909
-7377.624115
-8109.773712
-7641.457947
-7452.303467
-8345.145813
-7961.698212
-8438.742798
-7761.478851
-8274.090393
-7993.711151
-8451.240845
-7428.326050
-8125.556976
-7711.251923
-8324.489807
-7285.523224
-7343.705536
-7219.012787
-7241.670135
-7231.716797
-7216.486176
-7251.954590
-7246.639374
-7238.027344
-7281.575256
-7288.609955
-7230.399628
-7238.605804
-7223.276581
-7330.637695
-7257.422302
-7355.888672
-7282.635986
-7259.262604
-7712.813660
-7303.267426
-7365.904327
-7389.059143
-7829.270660
-7257.981628
-7321.001892
-7748.184052
-7221.285095
-7233.847260
-7296.417145
-7318.058411
-7313.422516
-7288.728271
-7264.122437
-7286.792694
-7267.226837
-7326.240845
-7421.243134
-7368.418304
-8008.544159
-7349.835236
-7352.956848
-7399.987885
-7269.496307
-7247.942627
-7231.972717
-7244.333374
-7250.889130
-7262.786621
-7360.697632
-7349.864532
-7236.020691
-7204.581543
-7361.171417
-7240.108398
-7255.935852
-7208.942261
-7253.911133
-7271.908813
-7241.846130
-7263.166107
-7476.453430
-7217.209656
-7243.086365
-7933.541962
-7629.825867
-8200.727600
-8048.991547
-8265.044464
-8044.359650
-7885.751343
-7941.478760
-7838.674347
-8139.847260
-7823.697693
-8148.760620
-7779.578125
-7690.555206
-8027.071198
-7913.066925
-7820.814972
-8259.974243
-7730.667877
-8001.212372
-7914.164795
-7587.994354
-8049.456024
-7707.735565
-7922.672485
-7597.414124
-7987.351746
-7513.914948
-8123.095184
-7406.636627
-7268.224213
-7573.656586
-7220.235565
-7764.682129
-7250.589325
-7289.797668
-8015.867950
-7988.380066
-7952.118195
-7821.030853
-7629.732422
-7631.902435
-7563.488129
-7638.313416
-7394.935730
-7598.026001
-7831.797302
-7449.303314
-7592.219208
-7756.981812
-7578.063263
-7634.876373
-7658.030518
-7683.431152
-7259.452576
-7361.114014
-7174.245880
-7296.756134
-7251.319305
-7288.811615
-7234.605835
-7200.545746
-7305.998657
-7227.645325
-7348.369507
-7335.023560
-7228.588837
-7189.249451
-7272.335999
-7418.904297
-7460.299255
-7346.386108
-7218.671997
-7292.626129
-7452.685730
-7411.738800
-7297.178711
-7313.622894
-7257.861603
-7256.583801
-7329.449432
-7255.280792
-7227.712219
-7298.088715
-7201.917572
-7248.550049
-7318.929108
-7217.557648
-7357.451660
-7239.368927
-7203.050690
-7247.582520
-7223.271240
-7201.675903
-7191.113831
-7234.442108
-7208.505981
-7231.593933
-7326.105438
-7227.174988
-7259.812073
-7223.774506
-7201.459259
-7208.408020
-7203.019073
-7267.080292
-7191.914948
-7220.450714
-7240.192871
-7230.582703
-7241.444061
-7423.067169
-7448.274292
-7224.241516
-7237.359863
-7208.887939
-7237.801758
-7264.440765
-7241.663269
-7649.958221
-7238.957703
-7301.164429
-7263.604309
-7241.189819
-7426.972595
-7325.649445
-7219.838684
-7369.507050
-7383.802063
-7292.564392
-7267.612427
-7495.953735
-7239.290619
-7210.214630
-7222.715240
-7232.880066
-7242.325043
-7216.123291
-7290.546509
-7323.910431
-7597.437836
-7611.501160
-7566.226166
-7676.677765
-7262.703125
-7566.542145
-7284.228149
-7934.467773
-7533.947540
-7229.409515
-8288.188293
-7256.586334
-7244.673492
-7275.931671
-7229.332123
-7511.684753
-8006.131531
-7496.712708
-7222.845825
-7337.555695
-7376.762115
-7209.065918
-7295.060669
-7253.442383
-7246.249573
-7248.367920
-7253.308624
-7239.295319
-7208.066132
-7263.003357
-7262.329407
-7142.399811
-7279.889130
-7289.731842
-7207.842896
-7255.740936
-7224.269012
-7242.440094
-7240.845215
-7248.012299
-7277.213379
-7240.897675
-7268.454315
-7259.286621
-7264.754028
-7246.708221
-7103.722900
-7262.795746
-7264.949463
-7273.072723
-7254.383026
-7254.984131
-7253.679108
-7238.227051
-7292.936096
-7221.724823
-7239.292145
-7239.313660
-7243.830658
-7265.652679
-7243.665710
-7247.660461
-7224.594727
-7271.658295
-7245.525299
-7275.504822
-7237.380402
-7259.348633
-7249.550201
-7228.033600
-7361.159393
-7257.438293
-7292.069427
-7290.208649
-7314.132446
-7222.578705
-7252.728180
-7310.415802
-7367.043457
-7223.218811
-7208.718292
-7213.579132
-7243.489105
-7279.087616
-7270.515625
-7210.844574
-7272.263336
-7306.684631
-7243.925476
-7224.077667
-7262.362061
-7422.078308
-7223.848907
-7314.187500
-7195.637329
-7218.969574
-7259.513458
-7323.087219
-7244.965790
-7240.981689
-7245.225281
-7223.931335
-7245.806549
-7250.828064
-7211.505157
-7240.230896
-7242.359009
-7279.875397
-7221.376434
-7259.733795
-7258.262299
-7248.806702
-7272.143585
-7243.664246
-7262.061707
-7209.601074
-7246.264282
-7260.242096
-7252.423096
-7262.156342
-7257.805969
-7246.167267
-7238.510712
-7243.667114
-7237.021912
-7224.612396
-7241.045135
-7235.620148
-7222.357025
-7243.277802
-7237.970825
-7235.022614
-7223.027710
-7230.755463
-7233.887756
-7241.437439
-7238.409241
-7228.689453
-7224.788147
-7224.016998
-7216.642822
-7228.753204
-7272.198517
-7327.699921
-7295.251648
-7372.791901
-7164.700592
-7331.622620
-7262.553894
-7356.987640
-7252.156342
-7292.399353
-7205.245667
-7236.756775
-7191.746033
-7205.656799
-7233.983459
-7287.309174
-7278.893005
-7213.301941
-7219.347717
-7269.586456
-7227.548523
-7244.286163
-7199.610809
-7236.668488
-7249.398254
-7321.018524
-7229.802338
-7252.765411
-7328.665222
-7211.475922
-7198.164673
-7283.800842
-7343.206757
-7301.835297
-7202.723267
-7259.731842
-7213.943756
-7216.139038
-7224.171051
-7206.737793
-7249.590698
-7204.618774
-7219.914459
-7211.636200
-7215.675629
-7211.416168
-7209.364258
-7212.777710
-7208.936859
-7217.785309
-7210.575378
-7211.992523
-7215.881287
-7219.506683
-7227.819122
-7219.836975
-7207.474792
-7221.475983
-7206.495422
-7217.087311
-7230.769684
-7217.806885
-7208.947052
-7216.294220
-7214.105743
-7213.617065
-7212.677246
-7213.777039
-7211.323425
-7220.938995
-7202.457306
-7215.315735
-7213.209503
-7207.833557
-7240.436798
-7234.786560
-7305.879944
