0.000000
-7143.332794
-7180.742432
-7282.366516
-7381.998535
-7196.071777
-7353.428833
-7550.332916
-7738.882202
-7322.790039
-7322.510468
-7277.995697
-7789.139801
-7673.050232
-7641.127747
-7647.193970
-7505.824982
-7636.059540
-7676.027283
-7616.665680
-7753.895813
-7620.227386
-7227.141083
-7496.834412
-7598.202850
-7496.850647
-7287.274231
-7359.824280
-7288.791901
-6999.294128
-7129.820160
-7226.062286
-7009.941345
-7351.340576
-7350.319794
-7031.546387
-7663.942596
-7406.564453
-7945.366272
-7578.302917
-7441.205750
-7272.141327
-7176.394623
-7020.884918
-7183.704193
-7688.799011
-7225.446014
-7735.409393
-7373.227936
-6974.861237
-7538.846222
-7255.383392
-7154.161316
-7586.761108
-7846.607971
-7435.865295
-7884.000732
-7240.901337
-7594.868774
-7491.230621
-6967.261566
-7206.092773
-7063.745392
-7135.691803
-7116.800568
-7717.826752
-7339.685699
-7062.256439
-7602.141388
-7652.488251
-7420.031586
-7487.858917
-7600.352478
-7093.503845
-7133.007660
-7004.340454
-6991.125671
-6986.367096
-7105.695435
-7018.493927
-7218.523926
-7072.394806
-7136.735138
-7405.190430
-7231.364868
-7079.723358
-7051.701782
-6984.144348
-7242.851746
-7018.305878
-7096.011902
-7096.491150
-6950.613892
-7016.883484
-7054.083557
-7227.498047
-7167.758575
-7142.857880
-7212.340820
-6947.850769
-7022.026123
-6938.508270
-6988.118042
-7034.009338
-7021.844910
-7022.130005
-7017.908844
-7084.936584
-6939.970581
-7203.890717
-6980.310608
-6977.201416
-7067.033112
-6981.313232
-6971.641541
-6942.590973
-6952.389221
-6977.434265
-7048.734741
-6979.019073
-6941.807587
-6997.717804
-6966.558105
-6954.193054
-6944.744537
-6962.493500
-6974.242523
-6984.972809
-6991.453857
-6948.871429
-6957.635742
-7052.839478
-7005.126831
-6961.099304
-7000.953156
-6987.097046
-6947.075623
-6946.672119
-6944.692322
-6945.705780
-6948.768890
-6984.716064
-6980.371277
-6983.928680
-7003.205505
-6963.151245
-6925.958893
-6953.638702
-6962.986938
-7009.601013
-6940.825470
-7079.786926
-6934.277985
-6931.873871
-6993.623657
-6965.232117
-6960.541473
-6966.143677
-7033.270599
-7026.579590
-7008.217438
-7205.649231
-7015.968262
-7064.868561
-7093.491577
