0.000000
-7030.977997
-6749.465546
-6726.668793
-6691.889526
-6921.293671
-7162.823395
-7022.195587
-6952.345520
-7055.966003
-6948.777374
-6938.178650
-7085.467865
-6763.729736
-6954.059509
-6979.467072
-6879.885132
-6907.022736
-6866.592194
-7040.404877
-6954.456268
-7044.376831
-7115.021637
-7100.295959
-7110.440247
-7072.823914
-6934.885437
-7108.503906
-6781.256012
-7077.211945
-7023.137970
-7118.686737
-7088.428650
-7113.675598
-6644.476105
-7075.424988
-6650.481262
-7126.325134
-7247.429596
-6961.702362
-6902.192352
-6524.783630
-6732.269012
-6798.566925
-7063.024139
-6771.496338
-6737.171997
-7013.811584
-7047.727722
-6566.378632
-6427.205017
-6868.949310
-6903.509918
-6832.495209
-6804.214386
-6991.653503
-6946.856781
-6493.906708
-6947.989227
-6788.137360
-7064.089539
-6642.920441
-6972.807281
-6785.251007
-6842.353302
-6837.814972
-6877.071381
-6843.996246
-6887.177582
-6894.334045
-6859.873199
-6851.626617
-6867.931580
-6882.645599
-6895.384857
-6783.306183
-6950.020325
-7054.787689
-6726.854553
-7057.279572
-6755.972626
-7276.858978
-6773.060883
-7065.773834
-7029.946136
-7193.288391
-6452.854553
-6619.055664
-6831.586945
-6833.393860
-6851.211853
-7003.514954
-7067.403259
-6763.712799
-6576.232483
-6774.743042
-6799.154938
-6980.877167
-6794.817291
-6758.072601
-6852.982300
-6800.578217
-6800.822144
-6677.377533
-6801.996246
-6656.756927
-7061.624268
-6771.542999
-6744.065125
-6561.567719
-6652.414673
-7022.274231
-7026.711761
-7054.004700
-6880.804626
-7036.406036
-6876.918549
-6857.303894
-7152.586304
-7109.092834
-6949.580231
-6722.973267
-6376.169861
-6717.964874
-6462.404083
-6749.609314
-6514.625824
-6616.722504
-6971.430237
-7093.893494
-6743.507416
-7044.231415
-6832.202789
-6965.059204
-6910.913025
-6995.442688
-7049.588318
-6957.991638
-7010.002594
-6948.494812
-6877.332520
-6810.995514
-7138.828583
-6784.284607
-6967.918732
-6564.143341
-7092.573914
-6550.953369
-6517.272339
-6954.354645
-7044.869141
-7299.662079
-6971.568268
-7053.348511
-6903.255951
-6964.779785
-6951.258575
-7037.120667
-7002.015625
