0.000000
-8518.163971
-8489.611664
-8527.954071
-8544.349823
-8474.115784
-8514.134369
-8500.219055
-8206.713623
-8475.275055
-8499.393829
-8471.346710
-8435.991943
-8303.639038
-8433.151123
-8002.427155
-8411.768677
-8463.225464
-8454.421997
-8452.935760
-8503.682861
-8632.003296
-8313.417145
-8229.699127
-8437.991150
-8453.487030
-8427.746826
-8454.430878
-8403.837708
-8434.384796
-8476.424927
-8472.568268
-8513.811462
-8396.180298
-8421.147369
-8409.608490
-8461.347778
-8440.123718
-8479.437012
-8394.546417
-8440.041748
-8415.253662
-8443.120209
-8387.933441
-8455.781769
-8450.474152
-8469.997925
-8450.256317
-8483.108185
-8339.759918
-8385.397308
-8390.204865
-8419.044769
-8425.534271
-8330.926117
-8387.777252
-8367.545319
-8417.244293
-8493.237000
-8462.326202
-8471.851288
-8443.832611
-8439.162323
-8454.145752
-8467.576355
-8430.748657
-8413.494110
-8503.369110
-8436.451447
-8470.874695
-8512.761230
-8518.297546
-8460.504303
-8497.273163
-8486.856018
-8671.318817
-8651.037354
-8546.791382
-8492.122375
-8480.534027
-8634.577576
-8473.791809
-8540.986877
-8496.429260
-8480.777100
-8496.137970
-8461.766479
-8460.643341
-8461.951660
-8479.881012
-8499.128082
-8475.209229
-8469.644104
-8511.822510
-8477.812286
-8506.746460
-8489.089966
-8483.796722
-8479.181549
-8522.351868
-8494.727509
-8495.769745
-8473.745911
-8510.948608
-8484.623260
-8476.467865
-8521.286804
-8529.239563
-8517.311371
-8474.606415
-8514.071777
-8518.348602
-8492.857788
-8517.988220
-8493.495087
-8516.576874
-8496.799103
-8474.013763
-8491.761139
-8505.174591
-8528.681183
-8479.190369
-8469.065094
-8509.814514
-8515.700104
-8497.012482
-8500.962219
-8490.106995
-8484.973267
-8466.833527
-8472.938812
-8493.981903
-8481.732605
-8517.095062
-8468.185425
-8509.563812
-8511.451385
-8486.969269
-8523.643341
-8493.215454
-8517.940857
-8482.329926
-8484.540985
-8485.249512
-8525.233185
-8503.493347
-8490.249695
-8513.700500
-8490.012360
-8482.050232
-8495.076233
-8478.668213
-8516.848846
-8486.389435
-8489.448029
-8488.634277
-8497.864777
-8493.381470
-8481.755463
-8510.171387
-8489.478394
-8492.536743
-8481.184143
-8477.480225
-8484.846466
-8470.473267
-8492.970245
-8482.017212
-8495.992035
-8486.550720
-8488.539642
-8498.947937
-8494.962097
-8490.567749
-8482.237518
-8473.834778
-8519.373016
-8483.011993
-8471.053558
-8499.125580
-8474.332855
-8482.346680
-8460.121643
-8460.340302
-8472.862610
-8467.848267
-8489.216949
-8491.363342
-8475.579834
-8508.187439
-8470.606750
-8464.461975
-8516.850098
-8515.339417
-8336.785919
-8084.870392
-8497.358826
-7906.055328
-7837.643341
-8361.291718
-8195.843109
-8245.415924
-8059.443970
-8531.428009
-7956.876099
-8443.160828
-8567.186371
-8476.286438
-8845.723358
-8514.526245
-8641.212067
-8369.166840
-8347.328705
-8270.076141
-8331.211578
-8515.966522
-8411.111877
-8506.418030
-8499.309509
-8537.516083
-8529.603699
-8557.763855
-8598.192902
-8488.954132
-8241.078949
-8473.086334
-8543.450897
-8595.301910
-7886.345093
-8388.019409
-7829.265991
-8479.982849
-8206.595795
-8616.873047
-8569.119446
-8164.665497
-8485.995575
-8443.154755
-8443.760437
-8459.781616
-8455.892609
-8530.120514
-8463.651062
-8501.166382
-8434.140106
-8455.223938
-8423.093201
-8436.114105
-8458.604370
-8417.922821
-8457.962219
-8478.156494
-8442.664215
-8462.767181
-8708.502441
-8647.990204
-8442.620941
-8442.825684
-8418.144226
-8445.158783
-8456.239380
-8460.361725
-8477.413818
-8467.959351
-8437.629120
-8451.645172
-8448.505463
-8448.168610
-8442.890259
-8456.158569
-8457.512970
-8470.557251
-8463.614380
-8488.819763
-8461.445282
-8484.777435
-8452.996674
-8460.703949
-8478.740692
-8459.413879
-8469.361603
-8465.707703
-8463.949646
-8453.581146
-8465.276703
-8463.792633
-8458.136902
-8453.986694
-8471.733795
-8466.182281
-8452.693909
-8459.718750
-8457.862762
-8462.452759
-8465.935089
-8476.210480
-8463.798523
-8470.444275
-8453.255554
-8460.354584
-8467.585236
-8472.028046
-8457.219147
-8467.022003
-8476.734833
-8474.788727
-8462.268555
-8493.799316
-8461.541473
-8464.830475
-8473.515106
-8462.786072
-8472.968689
-8459.236603
-8468.091705
-8468.814453
-8484.988068
-8461.173035
-8458.268433
-8454.656708
-8463.139709
-8466.708191
-8449.779175
-8473.236328
-8465.165649
-8478.415375
-8465.078583
-8469.676849
-8469.216522
-8463.537384
-8504.513885
-8467.688568
-8471.536102
-8448.252380
-8475.110779
-8450.137390
-8467.437103
-8466.408325
-8446.094208
-8441.924805
-8454.938049
-8452.659698
-8467.566132
-8452.554016
-8468.824554
-8433.150482
-8465.126678
-8444.530731
-8463.178162
-8460.321838
-8391.974335
-8457.585480
-8453.188751
-8461.556458
-8465.735840
-8458.197174
-8453.199310
-8478.173645
-8483.649139
-8465.947449
-8470.234039
-8474.790253
-8476.436646
-8482.131134
-8471.297424
-8475.533600
-8476.247559
-8466.495300
-8476.889221
-8481.780121
-8470.423706
-8482.707184
-8474.062775
-8473.201416
-8473.469269
-8472.425232
-8473.656372
-8456.951324
-8469.366089
-8476.436646
-8475.472839
-8471.628021
-8465.111847
-8471.999054
-8473.813568
-8470.376373
-8466.770508
-8481.926849
-8457.526215
-8474.431366
-8464.961639
-8472.507874
-8472.724884
-8469.632202
-8471.788086
-8469.583893
-8476.357025
-8468.908875
-8460.214630
-8474.905670
-8469.720581
-8467.153870
-8458.655212
-8463.484802
-8453.702545
-8474.352783
-8476.264374
-8472.380920
-8467.027313
-8477.298248
-8471.642517
-8471.797638
-8469.615295
-8474.018494
-8482.989899
-8472.182556
-8465.860291
-8477.428925
-8472.713898
-8475.162415
-8472.132874
-8470.324005
-8455.195953
-8468.437897
-8475.599182
-8475.095825
-8470.819580
-8469.630157
-8469.491425
-8460.190002
-8466.340088
-8462.974335
-8468.724060
-8465.515717
-8472.036560
-8461.810486
-8463.264160
-8467.748413
-8458.671173
-8468.424561
-8476.587128
-8463.260956
-8439.355072
-8466.873077
-8467.093170
-8458.481598
-8455.433685
-8471.295258
-8449.337524
-8470.755646
-8461.187317
-8456.958069
-8451.551727
-8466.473724
-8449.073425
-8465.061249
-8459.103180
-8451.321625
-8450.109772
-8474.506775
-8445.192383
-8468.387024
-8460.291290
-8498.794373
-8464.556183
-8474.719543
-8431.428406
-8500.854797
-8434.803711
-8453.895325
-8409.223633
-8458.578094
-8442.748688
-8412.595734
-8466.514496
-8448.792633
-8433.724945
-8368.863068
-8433.787659
-8468.049500
-8429.241913
-8459.551453
-8458.526245
-8419.446655
-8329.618195
-8461.433502
-8508.524261
-8470.605621
-8429.359833
-8458.880920
-8496.788635
-8421.894012
-8321.490356
-8491.168274
-8494.874695
-8505.207245
-8491.302856
-8498.506378
-8508.209076
-8478.725220
-8498.532654
-8493.475159
