0.000000
-7027.007690
-7049.297363
-7154.489166
-7266.324585
-7027.959045
-6999.750122
-7072.615662
-7045.621216
-6954.819855
-6989.985107
-7035.951752
-7059.337189
-7024.495331
-6964.412903
-6728.573334
-7053.026733
-6972.883545
-6984.232849
-7071.485413
-7032.634705
-7068.225067
-7083.814087
-7092.676849
-7035.040802
-7043.182373
-7099.253479
-7411.957428
-7094.696350
-7031.847961
-7039.960785
-7089.305298
-7114.966553
-6745.414093
-6742.539917
-6784.540527
-6847.340942
-6805.635315
-6747.660156
-6813.451324
-7031.443542
-7273.347870
-7559.764435
-7032.429047
-7169.879700
-7208.492828
-7711.334137
-7449.372803
-7104.772827
-7066.310730
-7331.162933
-7086.103363
-7092.921875
-7115.140045
-7257.105743
-7101.519806
-7141.194458
-7279.055267
-7514.985870
-7609.237610
-7119.154755
-7688.428986
-7458.028046
-7386.645294
-7576.365906
-7538.998932
-7132.402954
-7154.479797
-7698.887085
-7153.925873
-7338.945984
-7117.548615
-7119.569489
-7370.217865
-6891.988770
-7268.865051
-7238.407959
-7467.533356
-6825.564758
-7112.131256
-6777.634430
-6870.390717
-7120.192627
-7151.596680
-7122.062408
-7189.691162
-6795.127228
-6894.344421
-6918.590515
-6985.381714
-7015.263611
-7172.347717
-6958.650421
-6938.838257
-7255.752930
-6778.740540
-6842.554382
-7110.697540
-6731.903534
-6725.733490
-6751.192352
-6717.747528
-6748.617706
-6825.634766
-6770.978119
-6718.186554
-6696.877289
-6745.620667
-6552.485657
-6699.142090
-6732.060760
-6806.518555
-6810.781219
-6783.395721
-6704.577606
-6742.169922
-6728.433716
-6770.768890
-6763.031708
-6779.373566
-6777.710571
-6692.979431
-6721.011871
-6719.919220
-6743.740448
-6767.773895
-6725.192230
-6701.107361
-6890.773773
-6761.058899
-6778.580994
-6736.849731
-6716.827759
-6813.322540
-6710.764069
-6676.360291
-6767.479034
-6777.829437
-6852.787872
-6769.567352
-6736.205139
-6727.246429
-6756.299469
-6739.559998
-7112.642029
-7136.628235
-7041.407715
-7053.240356
-7035.723755
-7160.324921
-7035.528748
-6969.714325
-7055.570831
-7019.909271
-7259.965668
-7033.401276
-7095.327820
-7023.636566
-7015.149109
-7007.531647
-7103.264618
-6975.784790
-7026.648315
-7019.832947
-7010.820770
-7136.275360
-6994.014099
-7045.173676
-6986.397766
-7024.512939
-7043.592834
-7075.733246
-7051.696320
-7007.437988
-7037.477142
-7027.438690
-7029.561981
-7036.339722
-7053.906921
-7033.366913
-7034.204407
-7037.540527
-7032.464081
-7031.801605
-7029.166901
-7000.306458
-6996.483215
-7038.004974
-7027.548431
-7022.634064
-7081.413483
-7043.164276
-7036.805908
-7032.542511
-7043.106598
-7030.270966
-7036.574127
-7036.892761
-7029.740234
-7045.385468
-7041.575165
-7037.762451
-7050.238281
-7027.463043
-7014.954926
-7031.969818
-7012.672028
-7041.201569
-7038.727631
-7030.624908
-7009.333344
-7034.989258
-7029.871002
-7036.968811
-7045.621063
-7052.057556
-7014.418335
-7044.071167
-7040.516327
-7040.271484
-7060.747437
-7020.937836
-7045.247528
-7061.378510
-7004.575958
-7048.227203
-7087.390350
-7035.916412
-7056.468048
-7075.624268
-7052.217743
-7107.570099
-7028.268616
-7051.357574
-7044.361084
-7037.519806
-7050.777557
-7044.129059
-7035.966583
-7041.896912
-7068.477356
-7174.650024
-7076.601074
-7085.130829
-7048.252960
-7055.649109
-7041.795319
-7003.730377
-7044.424255
-7035.914795
-7055.634277
-7089.804810
-7035.488068
-7067.121613
-7027.103882
-7074.155548
-7037.279083
-7053.273102
-7056.863434
-7031.398529
-6993.171112
-7067.881958
-6827.091370
-7068.874969
-6979.370697
-7086.513031
-7052.954620
-6979.154938
-7085.597961
-6773.368591
-7127.309143
-6980.807983
-7489.642151
-7256.341675
-6847.583191
-7102.909454
-7039.005676
-7033.300873
-7104.243225
-6791.578705
-7027.554382
-7091.015015
-7032.428741
-6994.010742
-7153.682526
-7038.121918
-7041.909485
-6976.411316
-7119.307709
-7069.277283
-7081.480530
-7386.760864
-7030.373413
-7330.157166
-7020.650543
-7030.760803
-7039.690521
-7047.220306
-7324.197937
-7073.327759
-7047.024567
-7029.238312
-7018.261749
