0.000000
-20496.259216
-20392.383423
-20410.304138
-20573.908752
-20499.580688
-20749.285217
-20443.736694
-20295.903564
-20391.503906
-20701.940796
-20511.250732
-21159.125183
-21449.743591
-21382.233276
-20997.886169
-20285.480530
-20725.685425
-20802.229553
-20759.779419
-20212.414551
-20354.605164
-20339.471558
-20633.460999
-20594.798096
-20654.204102
-20637.958557
-20431.405151
-20347.935852
-20544.615967
-20587.485046
-20609.933838
-20483.447205
-20514.460205
-20909.070557
-20293.532227
-21618.345337
-21556.797791
-21036.222412
-21498.440063
-21083.728821
-21911.060181
-20954.438416
-21417.190247
-21105.638428
-21918.179993
-21278.404175
-21623.707397
-20974.741272
-20292.368469
-21031.751770
-20854.803589
-20577.152222
-21268.266785
-21030.771240
-20903.182861
-21148.462341
-20694.223450
-21167.592896
-20977.330078
-20282.533569
-21109.122681
-20864.453796
-21082.638550
-21347.196106
-20810.992554
-20354.456360
-20214.113586
-20720.219971
-20340.255798
-20487.457153
-20356.952148
-20635.294495
-20170.301819
-20252.530212
-20303.407776
-20205.236755
-20580.125488
-20220.132935
-20448.227417
-20177.466309
-20272.096375
-20555.556641
-20385.567261
-20343.797485
-20472.787903
-20735.889832
-20410.694214
-20483.859497
-20154.612549
-20405.929382
-20417.719788
-20323.135132
-20607.112915
-20774.777283
-20524.359070
-20366.150024
-20394.302979
-20774.455933
-20304.478638
-20468.357849
-20488.078125
-21168.015930
-20427.008728
-20408.486084
-20569.196533
-20586.654663
-20480.591858
-20491.720642
-20212.854187
-20384.949463
-20388.776794
-20519.143738
-20361.778015
-20359.138672
-20377.170837
-20422.988892
-20243.663818
-20108.497375
-20285.511841
-20278.578186
-20234.311462
-20529.292175
-20344.887268
-20206.514832
-20193.112671
-20283.905212
-20256.718201
-20251.374084
-20248.316345
-20358.471619
-20350.719788
-20777.103271
-20374.848145
-20463.445068
-20534.380310
-20523.148010
-20289.219666
-20414.087646
-20280.267517
-20412.133911
-20209.798523
-20482.191345
-20221.255798
-20448.712341
-20440.810852
-20531.251465
-20534.903931
-20500.896057
-20267.817261
-20375.530701
-20456.059143
-20511.150024
-20425.465698
-20468.650330
-20683.736328
-20651.863770
-20580.409424
-20545.973816
-20681.253296
-20450.404297
-20573.629578
-20563.085754
-20649.510864
-20531.994751
-20438.388000
-20522.240112
-20407.767639
-20544.786560
-20573.695129
-20468.068909
-20457.988037
-20481.851440
-20355.451477
-20400.415161
-20565.773682
-20528.715271
-20516.727356
-20578.662109
-20466.472046
-20658.302368
-20471.167969
-20626.693848
-20630.070374
-20644.677063
-20611.817139
-20640.448853
-20444.842224
-20557.173218
-20637.104248
-20475.120300
-20678.312012
-20633.878479
-20637.775818
-20494.476746
-20448.806335
-20453.731873
-20356.365723
-20684.284668
-20560.592957
-20629.880371
-20594.340637
-20439.227722
-20626.549255
-20573.182678
-20615.700073
-20619.630676
-20596.547485
-20668.009705
-20665.794983
-20714.843628
-20662.326965
-20665.725647
-20640.455383
-20639.088440
-20710.041809
-20676.389893
-20568.380615
-20628.954041
-20665.526001
-20621.591003
-20681.239746
-20665.351807
-20694.678650
-20701.362732
-20666.535706
-20670.546753
-20731.416870
-20673.673279
-20673.309448
-20640.915039
-20686.264282
-20737.477417
-20698.397400
-20699.338623
-20699.312744
-20670.903076
-20659.973206
-20741.536865
-20650.436340
-20651.015015
-20722.144775
-20684.558228
-20640.545776
-20654.994446
-20673.203552
-20750.295288
-20734.125305
-20697.287781
-20724.173767
-20683.603760
-20711.123352
-20692.200378
-20738.437439
-20735.464172
-20750.090088
-20718.403809
-20771.151001
-20746.447876
-20744.481689
-20750.551697
-20757.039001
-20732.581665
-20749.019409
-20742.469788
-20735.746887
-20756.858521
-20678.158813
-20729.963135
-20659.867493
-20689.219116
-20686.888916
-20593.135193
-20722.683411
-20658.233276
-20650.369324
-20712.523071
-20681.672974
-20660.434692
-20686.468262
-20678.276184
-20711.995117
-20735.877808
-20696.245117
-20687.109070
-20682.127747
-20752.927063
-20727.841003
-20673.183289
-20680.872253
-20710.176208
-20739.481506
-20755.847595
-20723.481140
-20725.940063
-20734.490845
-20722.159180
-20717.947144
-20703.902832
-20590.092712
-20701.643799
-20450.284668
-20723.997864
-20654.457764
-20638.973572
-20672.760742
-20685.989685
-20549.878479
-20700.998718
-20621.918518
-20725.799316
-20529.811035
-20499.671387
-20630.859680
-20644.124512
-20548.191040
-20700.961487
-20691.317322
-20694.324646
-20730.648743
-20686.273804
-20651.412659
-20733.128174
-20736.507874
-20724.020508
-20715.701965
-20701.516296
-20677.760376
-20723.290649
-20724.791260
-20705.880615
-20703.241699
-20744.383606
-20721.891479
-20691.273193
-20692.140564
-20718.576477
-20704.634094
-20658.050903
-20690.874084
-20672.297363
-20685.762878
-20711.620117
-20725.285767
-20710.866394
-20719.414307
-20687.972839
-20726.980286
-20695.548096
-20696.650940
-20698.242676
-20747.394226
-20676.522278
-20755.468384
-20681.279846
-20673.982056
-20673.407288
-20693.013489
-20680.428589
-20446.860291
-20615.065063
-20676.540222
-20545.390503
-20626.251038
-20675.853333
-20714.401428
-20700.127991
-20686.969360
-20637.264038
-20670.026917
-20614.271484
-20689.716614
-20636.383789
-20648.508118
-20660.436096
-20651.213867
-20653.523987
-20638.399902
-20641.592712
-20634.856445
-20674.475037
-20674.104431
-20631.121277
-20655.588440
-20674.019409
-20640.273621
-20646.826904
-20652.814453
-20616.290161
-20662.638916
-20642.433411
-20622.177795
-20634.708069
-20648.748657
-20680.380188
-20692.824585
-20703.127991
-20541.420105
-20697.287109
-20705.381531
-20666.480103
-20671.646301
-20651.278564
-20716.379089
-20677.237244
-20569.937073
-20705.559570
-20662.333130
-20591.100525
-20711.244629
-20554.693298
-20275.135376
-20641.009155
-20681.348572
-20710.810486
-20618.041199
-20664.727600
-20624.326050
-20649.319763
