0.000000
-101.825394
-76.672058
-109.349136
-65.994881
-118.991608
-71.082863
-69.870682
-119.516426
-106.434914
-123.320808
-113.868004
-112.708740
-116.934113
-96.671448
-96.761383
-130.719208
-105.254417
-103.326660
-128.130447
-121.044785
-101.027740
-89.191689
-72.854614
-127.493187
-103.061226
-85.185242
-87.117065
-69.854958
-86.950256
-64.983620
-119.745674
-73.430984
-124.219467
-108.938477
-94.783363
-129.868103
-124.492859
-94.452858
-113.481911
-112.367676
-129.104980
-80.666779
-102.285759
-117.868896
-106.179382
-118.806221
-100.405006
-125.861542
-105.189644
-112.908493
-96.997330
-86.789101
-128.982635
-72.685104
-122.145569
-119.709908
-121.873520
-112.901810
-118.573860
-62.214745
-125.351280
-125.400894
-99.620995
-119.693108
-118.984871
-119.648926
-102.106964
-85.130203
-118.836182
-123.876999
-114.547890
-119.655495
-77.047363
-118.571793
-132.463608
-129.264694
-112.602188
-135.907608
-94.887863
-93.503197
-119.687050
-119.555336
-119.275322
-100.942818
-119.555519
-133.231552
-119.560745
-137.925110
-119.648972
-119.644768
-128.162643
-119.214264
-119.205559
-118.627983
-119.681519
-131.700012
-62.560722
-107.512901
-119.654007
-134.297089
