0.000000
-126.386948
-140.741043
-127.345161
-119.573174
-93.374870
-74.061386
-123.091545
-102.833603
-128.326675
-112.301575
-109.274193
-122.561539
-114.245224
-115.098495
-116.274132
-112.435234
-64.579483
-78.922119
-120.165115
-85.861084
-82.245560
-108.614563
-132.370178
-97.550018
-112.772415
-133.602798
-114.295235
-134.005188
-108.828148
-100.479713
-103.864220
-122.055054
-130.515182
-120.960976
-117.557861
-129.533859
-128.715347
-114.613838
-117.053680
-134.650528
-119.014679
-135.397461
-121.198074
-121.666740
-120.148102
-128.291840
-117.227486
-127.027130
-137.813293
-124.710831
-122.887459
-138.060623
-122.176285
-136.099945
-127.140945
-106.911743
-136.685333
-60.911648
-106.113388
-137.205109
-113.625298
-127.851433
-106.242676
-117.603210
-73.629318
-134.689865
-85.590523
-120.142960
-131.341812
-104.208145
-121.173843
-129.103745
-119.611496
-119.586235
-119.653397
-117.662109
-116.612762
-119.664337
-119.182465
-136.209610
-118.610992
-118.663383
-118.397392
-116.995529
-117.267860
-119.436775
-118.607483
-119.508186
-136.543732
-135.182480
-93.383385
-137.673492
-118.386772
-120.813293
-121.044960
-124.049301
-119.595711
-117.183723
-127.896889
-133.990799
