0.000000
-123.508461
-138.172562
-119.675003
-78.673378
-83.803085
-123.697632
-119.503700
-94.402504
-104.692245
-111.502747
-63.973747
-107.110168
-120.273552
-110.918739
-67.182632
-76.034554
-88.622269
-129.847488
-93.507896
-131.235580
-118.867310
-63.323456
-76.572311
-82.309738
-117.140366
-132.964310
-104.441742
-117.127975
-133.168396
-116.591560
-111.938164
-100.453445
-86.419136
-110.891914
-120.547638
-117.140892
-86.268219
-95.706230
-104.684647
-120.644058
-87.071304
-83.088676
-132.510162
-129.880722
-121.786598
-87.491173
-119.224525
-122.465889
-98.871323
-118.016632
-98.743629
-95.230972
-131.534378
-108.820892
-83.047981
-118.278030
-94.249451
-108.913635
-70.428726
-107.198517
-125.475647
-87.263176
-92.037781
-84.898849
-119.580574
-118.866249
-79.266548
-131.104965
-125.579933
-119.349876
-126.311470
-107.539352
-104.474640
-141.700485
-119.645515
-119.543808
-119.651192
-119.178429
-119.608116
-119.073921
-114.522209
-119.579712
-119.445488
-128.754852
-90.400978
-119.650352
-111.102409
-138.044266
-117.681572
-119.687935
-62.346394
-84.238487
-119.581482
-119.291885
-119.646736
-121.904877
-121.379478
-119.573586
-119.528564
-119.655716
