0.000000
-119.652359
-116.152924
-105.644264
-124.863846
-107.982445
-119.442787
-64.615829
-90.183372
-74.212891
-87.590118
-128.853577
-104.720139
-72.631439
-116.122757
-84.647186
-90.350456
-99.367744
-68.475838
-89.571968
-121.676559
-91.474586
-105.543724
-102.743546
-85.858536
-102.428665
-95.330994
-80.305504
-116.790764
-64.415695
-75.380600
-68.538467
-81.732712
-86.272690
-83.673485
-127.705124
-122.462204
-131.650589
-117.967606
-101.197998
-121.546562
-125.439323
-113.603371
-108.342766
-77.235733
-67.922653
-120.851517
-126.431259
-118.432289
-64.971756
-92.660194
-106.074379
-98.625404
-112.596062
-98.666473
-102.083397
-118.656120
-119.262260
-106.810577
-120.512253
-108.941078
-117.407715
-90.195015
-124.645668
-95.477043
-115.472565
-82.092064
-103.708290
-65.094116
-129.210373
-127.261429
-90.210518
-72.605927
-135.439575
-124.055229
-122.352493
-100.771088
-119.371246
-124.727425
-63.257866
-101.449997
-100.752945
-105.636658
-133.303299
-117.905495
-77.477722
-119.411446
-124.544678
-76.736816
-82.602760
-77.483360
-64.331276
-119.653404
-119.607925
-101.021271
-119.687225
-118.469803
-119.835754
-119.651924
-63.031212
-128.631836
