0.000000
-118.764999
-65.792618
-112.118095
-94.515022
-121.543762
-111.629105
-96.056168
-108.796165
-91.342400
-74.139069
-106.966156
-124.020393
-125.836014
-75.255119
-95.889328
-82.934097
-112.537262
-104.559158
-111.985825
-129.945023
-62.224354
-109.830055
-121.387581
-119.689369
-77.254669
-69.946510
-104.598885
-109.017525
-107.070091
-124.463692
-105.050217
-84.325439
-75.405861
-86.884041
-110.893814
-72.902344
-64.410706
-117.747459
-88.613022
-89.233719
-64.802223
-103.309982
-124.459244
-110.590958
-119.306892
-106.703262
-62.440479
-96.608498
-126.041786
-87.191833
-119.626968
-115.276855
-71.487846
-128.003326
-104.071838
-83.380066
-92.866539
-129.878036
-118.032059
-70.090179
-100.979568
-86.984131
-105.723724
-125.658516
-108.809021
-72.327560
-119.803032
-89.227921
-95.374489
-89.163063
-106.267700
-113.815506
-96.646286
-85.520828
-128.601715
-120.847565
-107.076714
-127.994965
-108.699356
-114.728127
-138.468872
-121.253624
-86.825684
-117.695183
-76.049583
-124.976730
-106.176895
-129.898651
-123.038895
-111.960785
-76.616501
-81.674461
-113.333900
-68.632103
-125.704491
-119.894424
-105.608536
-128.256699
-125.521133
-65.316780
