0.000000
-121.011345
-129.890472
-91.408752
-109.399208
-87.222054
-104.515244
-82.542435
-112.126968
-123.446388
-94.059212
-69.424583
-74.424759
-94.475227
-123.318108
-118.014099
-72.447777
-78.228592
-101.886406
-103.097549
-114.581017
-100.210114
-79.159615
-130.358734
-119.099930
-67.695625
-122.169243
-79.424728
-127.763710
-67.417198
-70.350304
-64.138351
-128.357178
-114.129646
-64.919624
-114.483452
-106.985985
-87.307472
-113.759346
-99.314125
-81.530289
-120.602463
-72.489876
-90.847313
-83.174850
-118.944870
-67.274620
-120.445168
-87.060211
-122.687927
-76.159325
-124.268021
-109.968979
-66.786568
-101.586754
-109.409904
-63.043106
-126.883553
-109.678001
-67.578735
-122.028297
-128.127945
-62.961327
-121.630516
-92.591286
-128.198059
-92.136162
-96.115616
-64.852890
-105.523109
-123.227974
-110.300011
-128.560394
-104.150406
-68.567406
-92.858627
-63.582611
-115.341370
-124.383804
-92.429337
-127.755341
-129.171432
-110.634590
-138.472885
-89.730972
-118.793694
-98.406227
-119.612091
-122.306427
-110.350861
-124.771996
-67.340820
-119.564606
-119.139580
-118.869751
-131.624191
-119.501625
-119.685837
-117.475731
-119.643593
-118.499550
