0.000000
-106.151703
-130.116562
-119.626900
-119.646149
-129.842010
-120.953316
-119.687096
-134.979309
-119.504662
-118.547729
-134.230164
-119.622963
-118.391594
-119.658455
-119.599373
-118.283165
-119.988022
-132.470810
-134.654556
-119.580048
-119.407639
-117.226173
-124.587463
-119.264954
-119.228020
-119.841972
-119.616631
-119.930252
-123.201157
-125.583893
-119.470566
-132.781738
-118.892036
-118.934570
-132.843231
-119.660942
-119.486694
-126.357422
-131.728180
-120.741013
-119.603554
-118.735710
-131.680023
-129.274933
-130.869904
-117.601151
-131.314911
-123.629059
-103.160088
-131.584991
-119.563911
-119.655754
-117.792953
-133.163605
-124.566154
-131.552078
-119.622200
-120.994659
-118.990044
-136.644257
-124.372696
-136.350006
-116.826324
-128.536011
-126.565376
-133.808838
-77.784637
-128.731018
-129.968552
-89.366829
-117.605240
-123.320663
-75.435890
-111.896324
-78.726479
-106.529190
-112.173561
-54.648354
-112.535172
-134.106339
-128.858063
-131.175476
-99.013519
-114.685509
-131.200302
-77.927979
-129.623444
-106.569275
-103.411865
-125.475410
-127.726967
-120.965240
-119.133415
-100.045486
-119.500305
-119.253654
-111.426071
-83.188278
-84.111061
-81.504303
