0.000000
-119.658005
-139.829407
-118.827133
-120.093590
-118.603493
-124.733498
-121.190407
-119.758781
-119.660622
-121.531296
-119.754951
-120.180412
-119.627693
-121.667267
-118.471573
-119.658760
-120.560547
-118.572380
-118.218071
-116.951096
-134.233322
-119.478951
-119.604080
-116.047577
-116.570648
-115.800331
-118.860054
-119.286476
-119.648895
-119.664825
-119.192848
-119.377655
-119.364174
-119.579521
-119.561310
-119.454025
-119.613724
-119.667793
-119.231186
-117.400291
-119.654709
-119.608948
-119.223167
-115.721245
-119.639839
-118.027542
-128.636353
-127.756622
-119.658501
-121.038101
-127.370697
-120.624168
-119.437096
-117.614624
-128.055145
-129.131073
-120.066093
-118.374649
-126.014191
-119.569420
-119.605827
-119.655960
-119.539536
-120.256737
-120.100983
-119.621086
-120.635475
-119.621445
-119.798721
-119.486877
-120.236259
-127.648888
-119.666191
-120.573532
-119.676529
-127.853157
-119.618439
-133.814758
-118.902565
-125.699265
-120.126678
-134.302078
-121.815056
-141.959900
-119.063889
-117.995773
-133.061996
-132.307129
-130.377533
-129.719452
-124.615761
-138.051910
-125.744408
-118.838890
-135.977142
-126.885269
-111.612251
-136.397919
-124.123207
-137.227707
