0.000000
-73.324081
-123.044640
-119.649635
-120.542091
-124.400772
-128.806183
-119.034416
-121.386459
-119.607910
-122.060173
-130.102020
-119.647186
-119.653259
-119.468132
-119.858261
-126.581192
-134.756836
-119.626869
-119.655472
-132.215012
-119.867668
-119.611214
-119.658615
-122.149391
-119.454666
-121.688499
-121.644119
-132.536774
-120.355598
-125.805450
-119.996010
-132.257034
-134.719574
-118.403786
-118.514458
-118.809036
-119.739906
-125.290192
-124.172112
-118.974182
-133.783783
-126.826775
-131.837479
-130.554825
-119.067406
-130.092743
-119.630112
-119.544670
-128.534531
-119.672096
-104.364937
-119.615494
-134.740723
-119.642670
-120.998604
-119.693016
-126.529602
-128.713928
-75.439491
-128.426193
-120.716713
-122.262070
-119.687698
-119.652565
-132.175003
-117.919769
-95.882744
-119.687096
-119.668594
-132.660156
-119.516304
-120.116379
-120.877457
-119.463516
-127.493515
-134.281601
-120.112885
-119.672920
-121.651085
-127.601212
-119.564667
-120.042702
-132.548737
-91.441795
-119.669533
-130.144592
-132.688904
-119.684380
-120.215027
-131.838181
-62.124371
-118.908272
-119.658699
-120.006271
-119.690987
-119.551208
-129.548965
-119.658226
-116.633362
-117.626167
