0.000000
-125.600639
-120.173660
-73.667503
-87.835983
-116.650818
-113.953346
-114.645393
-74.948280
-73.163452
-95.634453
-84.230812
-101.508461
-127.433022
-69.490273
-87.823303
-130.109467
-106.329857
-133.093460
-117.904686
-72.184090
-94.518463
-66.794533
-123.650421
-127.873192
-66.613976
-114.408173
-118.310768
-119.524666
-119.625801
-98.419754
-117.674416
-119.012314
-118.201363
-119.607285
-119.593895
-86.053055
-119.680367
-120.481972
-90.681076
-102.847366
-119.681877
-129.405212
-134.768097
-118.362923
-118.269081
-139.002640
-133.135178
-119.627724
-119.689331
-119.653572
-118.938278
-119.643471
-119.648087
-119.615128
-73.486176
-137.739868
-111.451538
-119.536469
-119.615585
-133.452377
-104.836090
-118.670067
-119.642700
-126.873024
-119.501236
-122.162872
-135.914780
-118.769539
-119.222824
-119.517525
-118.487167
-123.164703
-119.693024
-116.389702
-119.425652
-114.583893
-119.652771
-134.041168
-116.687813
-118.351059
-117.968269
-119.311310
-119.878632
-139.482056
-119.436241
-132.069885
-119.692245
-141.356567
-118.326981
-119.569405
-124.493591
-136.939743
-129.348587
-119.250458
-138.667725
-119.227051
-117.738419
-116.250237
-118.793388
-119.672035
