0.000000
-7416.386871
-7403.244995
-7413.995941
-7131.871887
-7187.469299
-7338.493683
-7793.348999
-7698.834595
-7172.125000
-7511.947998
-7942.111023
-8031.025238
-7326.148193
-7367.484680
-7339.462860
-7499.178009
-7607.206573
-7680.213135
-7379.501068
-7373.963898
-7395.328522
-7752.613556
-7430.507324
-7621.357666
-7370.322784
-7263.824249
-7771.364105
-7702.362091
-7388.720978
-7844.040070
-7717.355652
-7903.877350
-7411.164673
-7489.919617
-7941.632080
-7537.680450
-7878.507446
-7334.818481
-7485.064789
-7655.588715
-7615.684296
-7619.154358
-7346.076019
-7350.376831
-7289.385651
-7347.798950
-7373.374847
-7288.420319
-7287.833466
-8074.412445
-7330.029327
-7306.953064
-7414.632538
-7686.900757
-7588.233307
-7713.301208
-7558.028992
-7429.461853
-7755.913422
-7353.746185
-7554.970093
-7594.420868
-7847.462738
-8128.066498
-7722.992584
-7903.038300
-7811.007599
-7693.186859
-8021.223419
-8016.103455
-8090.920288
-7939.717529
-7827.216736
-7881.261627
-7905.090546
-7693.040955
-7644.103333
-7395.715759
-7697.450348
-6866.901093
-7654.678009
-7105.507477
-7628.850739
-7714.607239
-7526.519653
-6978.714325
-7044.531403
-7355.737396
-7314.440460
-7227.425171
-7110.153839
-7504.409607
-7799.286255
-7528.017700
-7699.597748
-7794.223877
-7360.127075
-7456.514709
-7673.846588
-7451.871368
-7906.537720
-7774.525879
-7833.407654
-7742.598450
-7672.801819
-7329.009552
-7325.113403
-7324.500580
-7337.005890
-7320.865845
-7331.262024
-7338.916534
-7328.075836
-7335.327423
-7332.370850
-7383.896790
-7342.399139
-7516.438660
-7338.302551
-7336.746063
-7395.692108
-7396.740295
-7497.918854
-7342.488068
-7333.449554
-7347.683014
-7641.655029
-7313.384491
-7337.088409
-7361.592041
-7307.169281
-7453.246246
-7343.796265
-7214.760895
-7335.220001
-7323.079315
-7331.370270
-7333.608490
-7416.747192
-7455.512207
-7372.904236
-7212.278778
-7383.500519
-7374.330811
-7515.592438
-7327.472046
-7334.740295
-7352.614655
-7345.217438
-7412.782654
-6858.292480
-7335.716400
-7383.008575
-7668.963959
-7493.673584
-7123.552765
-7102.310486
-7227.379791
-7186.215546
-7357.485321
-7321.288391
-7354.490326
-7327.715302
-7339.636322
-7380.015167
-7321.400238
-7356.910614
-7337.995850
-7370.391418
-7351.337067
-7334.756805
-7352.695465
-7350.888092
-7360.744720
-7333.178162
-7333.790955
-7311.546021
-7338.687256
-7366.081696
-6843.262848
-6713.029816
-7259.101227
-7212.743011
-7267.828583
-7343.022858
-7939.448456
