0.000000
-8975.193909
-8301.219696
-8718.368622
-8985.720154
-8958.998779
-8986.702515
-8918.725403
-8921.070038
-8979.489227
-8957.426392
-8942.182098
-8909.120544
-8835.186340
-8856.086792
-9025.246094
-8881.624664
-8392.388550
-8442.298737
-8952.567017
-8551.271393
-8463.393250
-9033.445953
-8911.676178
-8609.008972
-8951.947693
-8956.542175
-8925.842926
-8868.515869
-8953.407532
-8864.695343
-8933.645111
-9041.852722
-8838.527283
-8768.611359
-8783.137634
-9140.709595
-8988.771332
-8990.926392
-8979.903809
-9016.929962
-8955.733490
-8881.572052
-8432.681183
-8444.152985
-8865.057281
-8755.496368
-8344.324371
-8590.134125
-8390.004242
-8624.985352
-8588.204315
-8880.024048
-8609.084198
-8330.272064
-8401.191589
-8309.792755
-9060.576324
-8373.416412
-8455.769623
-8968.948303
-8941.400574
-8375.729675
-8632.551971
-8621.497864
-8339.946198
-8494.187836
-8913.911285
-8980.115509
-9102.142303
-8911.741394
-9054.570251
-8932.836212
-9034.222198
-8955.026886
-8953.282715
-8970.041748
-8979.902191
-8996.281189
-8951.898926
-8959.493652
-8968.169098
-8972.097229
-8998.194550
-8952.945435
-8974.017242
-8986.111237
-8990.882507
-8990.644073
-8992.437317
-8953.740295
-8985.878174
-8998.481964
-8989.047882
-8969.613129
-8954.641846
-8977.962982
-8948.364288
-8945.048615
-8963.605499
-8979.844910
-8961.167755
-8957.430023
-8916.056519
-8920.609955
-8952.990723
-8936.433838
-8937.265594
-8958.622925
-9072.402313
-8967.521118
-8951.402191
-8953.353241
-8948.053772
-8977.099457
-8958.602722
-9165.694885
-9036.019562
-9277.019440
-9008.197784
-8961.663940
-9248.586578
-9380.584503
-9174.120850
-8997.225433
-8978.374847
-9010.736816
-9168.169159
-8970.522705
-9155.102509
-9028.852264
-8962.066498
-9514.699982
-8955.749420
-8742.386017
-8955.779358
-8969.453796
-8966.133667
-8964.802612
-8950.201874
-9069.873169
-8942.937164
-8992.977081
-8947.029572
-8984.416718
-8950.921021
-8961.162933
-8958.867035
-8957.300598
-8984.675720
-8974.989044
-8999.322144
-8963.477661
-8975.956848
-8976.071777
-8961.457611
-8962.640656
-8967.365906
-8960.787109
-8957.252106
-8962.325684
-8969.642059
-8965.593658
-8982.200378
-8982.413116
-8974.500763
-8986.119354
-8964.012421
-8992.873932
-8982.733459
-8976.175232
-8961.337555
-8976.953705
-8967.060852
-8961.352264
-8978.321564
-8971.052979
-8975.210358
-8972.353638
-8983.462433
-8989.536377
-8986.048309
-8996.010742
-8986.725403
-8995.457703
-8993.239777
-8997.190857
-8975.471771
-8991.533539
-8960.117584
-8966.541534
-8971.247223
-8961.353973
-8961.494659
-8988.154846
-8958.088379
-8951.452057
-8993.495239
-8954.033081
-8971.895905
-8960.933105
-8973.302094
-8960.609772
-8950.126068
-8974.794037
-8965.106659
-8961.789917
-8983.762634
-8956.842651
-8972.058167
-8979.978302
-8958.749573
-8960.522827
-8972.520630
-8999.439972
-8949.507996
-8952.272675
-8993.916443
-8987.282349
-8993.930695
-8963.629181
-8977.594696
-8987.324371
-9249.137817
-8963.433441
-9191.461914
-9613.100372
-9177.823303
-9754.908447
-9559.003510
-9649.035278
-9378.582855
-9074.572357
-9005.877533
-9285.312744
-9144.240753
-8814.911377
-8973.113800
-9429.824158
-8987.766724
-9153.499054
-9125.688904
-8991.828125
-9438.307007
-8751.727600
-9311.349701
-8970.266296
-9222.694458
-9229.821930
-9156.691071
-9272.426575
-8780.436005
-8536.934814
-8473.004700
-8382.120178
-8440.312408
-8452.271271
-8470.784058
-8439.744385
-8448.536133
-8435.682617
-8449.809174
-8456.485596
-8511.015503
-8443.163239
-8577.600311
-8442.249573
-8456.183777
-8434.845367
-8434.739166
-8432.303284
-8433.936951
-8421.895966
-8426.936523
-8347.010162
-8436.252167
-8423.191711
-8434.021698
-8439.972870
-8432.900604
-8451.008820
-8455.073883
-8434.189362
-8426.710663
-8428.790710
-8432.091034
-8425.149536
-8437.956543
-8467.621033
-8451.874878
-8414.066772
-8454.561462
-8489.220367
-8504.756226
-8673.298828
-8818.989624
-8583.701080
-8504.324341
-8475.178894
-8478.798218
-8702.524689
-8687.271667
-9075.947235
-8978.613953
-8992.897522
-8783.098450
-8970.316833
-8608.657776
-8995.207611
-8987.206879
-8970.364258
-9010.080231
-9099.096497
-9126.765137
-8963.535461
-8919.016174
-8685.087189
-8907.198853
-8961.422302
-8983.042206
-9008.630615
-8468.566315
-8545.433807
-8790.816864
-8450.258667
-8665.773346
-8792.088959
-8472.868469
-8509.676727
-8424.018646
-8552.489960
-8720.648010
-8502.008972
-8979.556366
-8531.526947
-9002.245270
-8815.353882
-8509.044006
-8851.745453
-8493.312531
-8808.591431
-8996.803680
-8461.085358
-8864.096375
-8771.646759
-9017.365021
-8527.570953
-8983.523499
-8433.226959
-8796.416077
-8975.329407
-8821.211090
-8688.837830
-8464.080750
-8465.884155
-8755.271027
-8459.801697
-8450.308868
-8430.315979
-9101.782104
-8471.141846
-8329.192261
-8833.141296
-8448.030304
-8869.117401
-9004.305908
-8497.411377
-8972.691040
-8563.671906
-8948.137695
-9033.431885
-8786.851288
-8585.961578
-8621.319031
-8628.640381
-9080.184326
-8437.165863
-9063.436859
-8620.702606
-8470.459656
-8525.706512
-8737.995331
-8943.436279
-8605.877136
-8812.655670
-8681.462830
-8455.957367
-8454.010559
-8644.540771
-8438.630920
-8311.175629
-8462.011169
-8743.419830
-8471.293610
-8495.628754
-8459.629639
-8466.455170
-8435.535187
-8416.293610
-8460.766144
-8448.415222
-8462.196289
-8406.155609
-8947.193512
-9179.348633
-9105.236237
-9024.533447
-9078.428497
-9033.085327
-9173.579285
-8955.524139
-8884.237427
-9155.931061
-8669.013184
-9141.326660
-8890.797058
-8444.263489
-8487.696838
-8400.340179
-8887.921570
-8465.157074
-8335.489380
-8473.851746
-8403.710114
-8514.931366
-9158.948059
-8713.597168
-9127.938660
-9265.114777
-9363.072906
-9353.266785
-9165.343994
-9421.954529
-9296.673950
-9376.339142
-9134.180359
-9000.996643
-9231.000702
-9369.812103
-9312.846771
-9250.076263
-9166.144409
-9033.830750
-9204.988556
-9058.139374
-9098.936127
-9013.924957
-8880.113098
-8993.060150
-9143.880493
-8966.132843
-8977.468658
-8988.367279
-9168.464966
-9089.932465
-8973.305847
-9338.493164
-8960.738739
-9091.880859
-8981.160522
-8952.035736
-8971.438538
-8664.228058
-9252.940979
-8978.854797
-9087.893646
-8773.793274
-9017.545624
-8955.398926
-9196.930786
-8954.388519
-9139.451447
-8934.612366
-8885.920837
-8994.266083
-8952.291504
-8949.351868
-8441.734406
-8982.144836
-9180.780853
-8779.604584
-9242.604919
-8974.432892
-9153.387787
-8931.094025
-8969.626587
-9393.441132
-8968.380005
-8901.516022
-9001.778778
-9023.721985
-9061.249390
-8960.595642
-8510.958344
-8925.088409
-9138.265106
-8946.294495
-8949.329315
-8967.024414
-8978.590393
-8977.462433
-8971.137146
