0.000000
-8485.284790
-8633.784760
-8334.948242
-8637.958405
-8603.533966
-8306.771515
-8481.825806
-8232.154907
-8455.557953
-8465.482697
-8403.401672
-8465.755493
-8432.410339
-8541.127502
-8389.289673
-8449.950256
-8012.272797
-8464.174286
-8568.446960
-8500.573151
-8135.821869
-8418.987061
-8410.133545
-8148.814240
-8550.112946
-8185.171967
-8385.762604
-8356.777466
-8269.964569
-8332.740326
-8574.622772
-8537.218445
-8642.259521
-8595.137543
-8342.362732
-8590.879883
-8500.208038
-8610.286316
-8592.367523
-8486.708588
-8473.091217
-8208.224426
-8612.448029
-8365.202301
-8391.959381
-8440.030823
-8611.870056
-8531.715698
-8384.708191
-8518.725494
-8437.846497
-8501.028351
-8490.516663
-8542.081848
-8606.056000
-8544.946381
-8508.510925
-8570.774170
-8483.186493
-8757.653687
-8629.196289
-8659.137817
-8648.837036
-8551.471069
-8576.369354
-8589.560455
-8374.642303
-8323.333527
-8618.699524
-8533.020874
-8525.337219
-8634.986908
-7867.685883
-8522.628448
-8526.350037
-8404.164215
-8617.638763
-8522.120789
-8628.961609
-8456.931610
-8384.556671
-8500.505463
-8576.892853
-8491.239563
-8478.388733
-8518.349518
-8642.974396
-8590.606873
-8514.245728
-8510.000061
-8520.206299
-8496.798676
-8189.426361
-8665.857635
-8495.458191
-8499.332428
-8487.454742
-8848.544678
-8523.404480
-8462.864258
-8581.498749
-8433.727112
-8538.530975
-8559.092285
-8944.605194
-8546.923981
-8555.565247
-8582.694641
-8514.931427
-8551.282043
-8435.485229
-8281.608398
-8463.475616
-8515.492859
-8384.153870
-8370.444489
-8136.681152
-8353.903259
-8579.113861
-8571.929016
-7992.767517
-8083.019165
-8302.569366
-8325.375031
-8483.149506
-8210.700623
-8088.032043
-8389.323334
-8375.982330
-8305.569855
-8399.269104
-8194.677612
-8634.077057
-8545.891937
-8366.587097
-8436.673889
-8434.064331
-8511.582489
-8466.924469
-8246.755463
-8418.703644
-8366.596375
-8453.502899
-8541.442291
-8358.262115
-8413.899109
-8438.561401
-8913.641510
-8345.391052
-8389.880280
-8317.524323
-8115.566956
-8221.778503
-9015.665436
-8597.745789
-7915.773376
-8425.185974
-8155.108948
-8210.168243
-8340.752777
-8606.526093
-8232.233276
-8238.669098
-8639.481873
-8012.512329
-8416.341339
-8480.293304
-8290.048706
-8570.231171
-8471.709686
-8784.513519
-8567.285736
-8446.942871
-8258.733154
-8197.365570
-8544.789764
-8161.011688
-8582.112091
-8030.322662
-8326.390717
-8567.719879
-8344.832672
-8454.681458
-8188.041046
-8305.321136
-8403.383881
-8452.292480
-8057.091003
-8272.571930
-8414.380920
-8455.162201
-8145.387390
-8486.833344
-8458.935028
-8477.377197
-8843.380402
-8748.173645
-8484.654602
-8612.658112
-8553.148621
-8687.581177
-8850.269440
-8448.235260
-8488.458313
-8469.137299
-8567.058441
-8563.457855
-8838.010101
-8604.127686
-8414.451019
-8497.497681
-8474.708221
-8501.535217
-8483.366455
-8436.194672
-8476.139771
-8500.127350
-8627.384003
-8445.677643
-8468.156128
-8269.402710
-8620.162384
-8172.027466
-8380.675537
-7872.100922
-8303.093597
-8485.784576
-8489.993347
-8185.754395
-8446.367310
-8192.145569
-8408.904999
-8311.681519
-8336.401855
-8491.069214
-8268.026520
-8571.649048
-8997.935455
-8608.509735
-8662.308899
-8829.710602
-8404.660248
-8559.196442
-8711.236389
-8192.670990
-8368.627686
-8416.392151
-8306.862274
-8289.061859
-8471.196442
-8416.846130
-8608.567871
-8473.605927
-8407.868652
-8788.534058
-8475.874329
-8759.345001
-8234.274323
-8743.758972
-8716.704895
-8917.152893
-9123.616547
-8296.202698
-8410.434357
-8623.712097
-8801.687073
-8512.709686
-8977.038269
-8634.162720
-8626.313812
-8422.577850
-8474.212036
-8853.087860
-8530.949677
-8461.730469
-8465.658997
-8425.933380
-8477.519440
-8013.109589
-8388.738556
-8293.232452
-8317.104980
-8409.416992
-8361.325439
-8208.328918
-8432.500092
-8440.671753
-8418.021515
-8565.194305
-8379.825989
-8902.510498
-7873.991791
-8482.327026
-8354.449402
-8404.600952
-8564.562103
-8477.050873
-8377.172272
-8703.739990
-8179.615723
-8304.530060
-8420.364197
-8544.966095
-8328.526245
-8293.999359
-8591.532227
-8600.238586
-8378.891327
-8306.488953
-7974.133698
-8561.907959
-8488.184662
-8253.765411
-8381.003693
-8459.522491
-8576.414368
-8426.246277
-8336.967590
-7953.169495
-8442.646515
-8127.514099
-8378.237549
-8419.807037
-8381.183044
-8493.902252
-8564.934357
-8477.493530
-8222.230011
-8813.316986
-8487.348450
-8518.892792
-8467.650177
-8502.061584
-8419.487579
-8530.757507
-8541.028473
-8474.033325
-8534.816589
-8582.349243
-7977.535675
-8464.299438
-8367.012451
-8338.956329
-8551.747284
-8627.147400
-8265.445770
-8397.240234
-8506.758453
-8455.575470
-8271.927094
-8306.860565
-8524.615387
-8994.996155
-8511.547607
-8492.722168
-8376.490845
-8556.386810
-8454.810455
-8495.110809
-8619.020020
-8535.821930
-8515.718445
-8482.594879
-8493.144653
-8469.647949
-8474.371429
-8511.488129
-8491.698181
-8490.025726
-8536.521454
-8477.626343
-8482.546600
-8522.449310
-8495.038696
-8468.750061
-8447.036774
-8301.787720
-8503.884949
-8535.435547
-8449.654022
-8519.533325
-8340.691345
-8503.056793
-8707.665741
-8490.456604
-8475.016663
-8488.012146
-8492.900208
-8515.552124
-8494.274628
-8467.272949
-8509.840302
-8478.678162
-8508.291168
-8491.196411
-8502.842438
-8698.353027
-8477.203094
-8524.110596
-8917.010376
-8553.325592
-8484.846985
-8506.553833
-8535.324860
-8477.515198
-8539.367432
-8644.495117
-8895.808563
-8514.129272
-8649.511688
-8764.588440
-8547.720520
-8832.701660
-8555.479797
-8632.115295
-8569.010376
-8696.394623
-8494.344147
-9061.687378
-9280.142365
-8999.363403
-8549.360504
-8575.300842
-8493.588928
-8697.683228
-8535.252350
-8557.911682
-8796.170685
-8512.941620
-8751.188080
-8558.067780
-8818.197571
-8964.172058
-8555.570648
-8767.530853
-9092.186249
-8569.977478
-8705.836853
-8506.212433
-8492.629364
-8986.464752
-8724.054443
-8782.091949
-8595.069275
-8521.517883
-8494.857544
-8336.471069
-8548.783569
-8835.155701
-8526.360199
-8478.663605
-8834.959137
-8794.425659
-8695.448547
-8732.350342
-8835.366364
-8472.388428
-8595.296417
-8533.409515
-8485.958374
-8567.313416
-8848.910248
-8913.330475
-8945.321014
-8513.968262
-8472.928680
-8599.078705
-8529.934601
-8515.288910
-8463.255951
-8499.824982
-8588.664398
-8484.571136
-8572.135529
-8484.282257
-8470.055542
-8558.605927
-8485.481506
-8722.931274
-8445.867065
-8572.605164
-8521.435333
-8530.056061
-8484.740112
-8496.020752
-8706.683044
-8448.780243
-8548.141571
-8742.989471
-8796.783417
-8475.834839
-8506.831116
-8489.558014
-8511.102722
-8649.068695
-8509.586792
-8588.283081
-8487.549286
-8550.694946
-8557.581207
-8683.074249
-8749.392700
-8457.433655
-8476.763702
-8832.350525
-8548.536591
-8499.602386
-8490.128540
-8516.272980
-8497.862396
-8497.338043
-8502.611145
-8496.537323
-8487.819519
-8605.911316
-8456.404510
-8488.744293
-8552.179962
-8527.866913
-8613.759583
-9021.145660
-8435.582520
-8428.112579
-8543.362030
-8690.570923
-8579.753418
-8490.094055
-8893.835419
-8519.244354
-8474.105255
-8651.737640
-8391.637970
-8685.428284
-8523.598267
-8508.411896
-8662.068695
-8612.010834
-8544.370941
-8554.018402
-8580.396179
-8496.736328
-8675.966705
-8177.686157
-8557.904236
-8354.099304
-8686.370117
-8481.121979
-8514.406769
-8492.863129
-8564.119171
-8489.430115
-8400.520081
-8528.438904
-8190.262543
-8500.795380
-8474.934265
-8415.959839
-8449.328217
-8481.138214
-8416.513458
-8362.983673
-8464.329407
-8452.316956
-8603.032227
-8507.423523
-8322.488495
-8336.721344
-8516.926239
-8817.238342
-8503.758270
-8535.574554
-8404.428436
-8472.510315
-8331.591064
-8766.797241
-8338.998047
-8457.970306
-8620.055511
-8334.067688
-8532.689331
-8552.194092
-8536.638245
-8498.721039
-8459.384644
-8471.593628
-8224.980225
-8695.832855
-8146.768127
-8541.992523
-8485.615021
-8670.249054
-8503.037384
-8286.883423
-8573.185425
-8389.852112
-8521.436554
-8266.354218
-8505.726898
-8443.784058
-8531.349976
-8485.158966
-8336.760040
-8327.444458
-8576.981934
-8385.404175
-8589.818451
-8146.098083
-8368.300995
-8136.330841
-8349.437592
-8278.275421
-8482.036835
-8171.164520
-8195.128326
-8564.426819
-8372.464417
-8287.395996
-8302.777557
-8472.457306
-8353.109314
-8508.633850
-8417.952332
-8580.210510
-8719.216736
-8594.572296
-8382.340820
-8520.836670
-8191.257904
-8615.749542
-8612.048004
-8379.796112
-8377.996582
-8604.059052
-7866.127411
-8281.771393
-8529.832947
-8219.795563
-8414.008118
-8302.290161
-8330.276917
-8603.528778
-8499.852264
-8464.422058
-7954.882019
-8590.804962
-8498.012421
-8440.715698
-8106.809540
-8383.260773
-8492.168884
-8228.017944
-8493.860016
-8338.376495
-8354.478546
-8664.192596
-8408.577393
-8450.796295
-7997.801208
-8332.226440
-8241.644379
-8136.899445
-8503.838593
-8502.561554
-8366.732178
-8472.995789
-8504.262207
-8630.572144
-8456.739960
-8467.546967
-8493.087402
-8376.025757
-8308.134949
-8472.861786
-8398.504700
-8335.761597
-8354.342285
-8505.800140
-8401.594208
-8407.392578
-8179.839294
-8485.621887
-8504.131012
-8467.096100
-8601.212891
-8146.373291
-8488.428772
-8603.816528
-8511.209808
-8388.678680
-8745.548218
-8222.080048
-8483.838043
-8316.230682
-8751.941223
-8431.749786
-8204.610291
-8458.250916
-8600.467926
-8091.698578
-8469.239532
-8054.816986
-9023.461731
-8203.516052
-8173.852570
-8356.028656
-7833.337921
-7936.579651
-8080.915710
-8419.193542
-8072.949615
-8049.131989
-8572.811707
-8738.050140
-7913.128906
-8821.020264
-8265.614288
-8405.698212
-8464.777313
-8475.568817
-8526.246765
-8482.598083
-8522.943329
-8476.967194
-8315.784454
-8470.987640
-8544.876190
-8495.730072
-8238.291565
-8468.817749
-8737.896362
-8524.209167
-8497.862946
-8801.752319
-8541.948364
-8419.930603
-8538.173035
-8441.723267
-8215.643036
-8513.074493
-8258.002075
-8078.307800
-8447.297791
-8199.873627
-8258.299286
-8263.000366
-8687.509888
-8328.008148
-8655.017395
-8489.304199
-8593.309570
-8259.144012
-8335.438660
-8188.422058
-8467.184662
-8614.131348
-8440.987061
-8257.636078
-8514.800293
-8458.104523
-8497.645020
-8850.682281
-8268.223419
-8366.097290
-8269.915192
-8610.498169
-8554.939606
-8388.406281
-8574.827423
-8090.177368
-8544.644043
-8695.804749
-8520.597565
-8562.676514
-8543.009766
-8391.912964
-8482.535278
-8381.521759
-8547.851044
-8574.736267
-8481.741913
-8099.211365
-8660.093628
-8535.151581
-8346.508148
-8407.785583
-8154.296997
-8568.609558
-8334.298431
-8503.459534
-8577.194458
-8895.693512
-8782.019287
-8645.274261
-8544.307404
-8546.710052
-8093.855347
-8652.537659
-8472.690338
-8518.644348
-8167.079651
-8455.073425
-8401.682404
-8517.597534
-8758.098083
-8541.150513
-8501.830872
-8558.879517
-8526.182068
-8570.912750
-8481.453033
-8497.469818
-8530.865723
-8605.790497
-8607.088593
-8528.628052
-8412.322327
-8846.211121
-8578.182983
-8523.041077
-8527.694550
-8757.911804
-8635.681549
-8737.204865
-8689.680267
-8515.572998
-8662.898438
-8483.954895
-8553.667114
-8541.047668
-8809.765259
-8555.405731
-8516.946228
-8563.386261
-8403.408569
-8586.464569
-8534.909546
-8465.108124
-8493.682343
-8461.477112
-8629.456940
-8529.959290
-8390.199158
-8304.129913
-8549.148590
-8714.730133
-8406.243469
-8739.325684
-8612.077667
-8602.720398
-8526.453888
-8592.960510
-8502.450348
-8619.487701
-8626.176514
-8749.170807
-8817.292419
-8558.192169
-8648.091034
-8586.366425
-8834.787415
-8347.303680
-8577.505127
-8574.996979
-8146.629303
-8535.283478
-8475.151062
-8555.060638
-8254.793732
-8315.085358
-8530.278320
-8363.207825
-8586.243530
-8490.113770
-8625.065155
-8355.529846
-8762.874634
-8835.806335
-8545.097229
-8403.114624
-8521.378235
-8469.325745
-8492.010620
-8453.294586
-8413.046844
-8493.391052
-8492.286530
-8538.559875
-8576.421967
-8467.403809
-8551.481415
-8600.069763
-8447.110260
-8286.568573
-8567.855255
-8524.135040
-8636.017853
-8474.113037
-8317.800201
-8708.354462
-8006.263550
-8499.672455
-8405.420135
-8518.392395
-8560.180267
-8530.202515
-8554.833923
-8476.652374
-8515.002289
-8504.985809
-8452.949127
-8422.843170
-8324.342773
-8474.923889
-8340.943451
-8441.180511
-8480.297699
-8412.171661
-8394.342590
-8321.278229
-8235.613190
-8440.425140
-8400.678253
-8502.264160
-8446.947174
-8442.378326
-8586.085266
-8493.128723
-8506.586639
-8394.393341
-8489.270264
-8457.222137
-8471.177551
-8687.558167
-8520.441406
-8515.405945
-8432.149261
-8454.910919
-8550.132202
-8200.083282
-8465.910706
-8352.034515
-8535.678467
-8624.379028
-8265.819183
-8496.768433
-8471.108765
-8472.137634
-8401.192322
-8493.001190
-8440.695526
-8457.766907
-8332.815491
-8482.730774
-8508.562683
-8441.458984
-8512.192230
-8437.789429
-8388.792542
-8478.621613
-8416.129272
-8472.267273
-8516.626740
-8445.380310
-8306.355194
-8467.695190
-8508.938263
-8459.251373
-8498.721039
-8356.975647
-8518.422333
-8453.345367
-8403.027893
-8391.634827
-8423.788849
-8445.628662
-8445.093994
-8414.618408
-8440.367249
-8427.096710
-8424.051422
-8441.324371
-8382.218506
-8478.485596
-8464.735657
-8384.347107
-8400.601624
-8518.002838
-8414.786163
-8493.499207
-8347.338440
-8467.375488
-8466.886841
-8450.449463
-8460.273621
-8478.442871
-8408.547638
-8486.723877
-8493.409515
-8420.362396
-8475.340057
-8467.705322
-8350.548767
-8421.021301
-8412.079498
-8487.787964
-8509.054382
-8462.689667
-8499.963959
