0.000000
-13159.045898
-13159.311096
-12679.510376
-13253.475830
-13254.274780
-13352.386414
-13162.237427
-13249.372009
-13007.897095
-13012.414429
-12851.339600
-12997.761475
-12830.914612
-13038.454407
-12831.079895
-12871.503967
-13859.620850
-13066.378235
-13097.220154
-13052.071899
-12842.065369
-13037.269104
-12971.745361
-13021.675110
-12914.583923
-12792.771423
-12859.220276
-13139.980591
-13202.558594
-13169.630493
-13281.230774
-12985.340698
-13062.175171
-13079.036438
-12981.606018
-12796.441650
-12994.214417
-13244.238770
-13097.081238
-12524.359253
-12852.529541
-13630.629333
-13208.985291
-13930.870239
-14356.957825
-14640.934204
-15171.089539
-13243.176636
-13241.081360
-14645.213562
-12557.700134
-13010.326416
-13660.508301
-13619.716248
-14255.941345
-14729.622620
-13774.176819
-15304.707581
-14282.396057
-13052.142273
-13736.088867
-14485.909241
-13842.606750
-14531.535767
-14123.207397
-13003.759216
-13099.341003
-14362.181885
-12995.266113
-12918.224548
-12816.191406
-13901.928894
-12759.942749
-13047.785034
-12983.931641
-12789.882812
-12616.713501
-12871.158264
-12968.811890
-13555.391846
-12718.945312
-14878.069763
-12884.768372
-13089.075256
-12841.958862
-14095.546631
-13006.362793
-13888.712830
-12659.725891
-12791.915527
-12885.232727
-13075.338806
-13204.619507
-12933.025146
-14037.289795
-12640.796814
-12626.975342
-14257.389709
-13046.161255
-12896.462158
-13187.040466
-12752.093872
-12911.407227
-13545.047302
-14633.017639
-13277.104980
-13092.771057
-13219.558594
-13119.966614
-12766.858276
-12985.461182
-12929.653198
-12798.617554
-12716.874084
-12708.337585
-13657.197632
-13902.686340
-14716.430298
-13953.798645
-13086.289307
-13900.315796
-13581.447998
-14379.569763
-14212.703674
-14163.017212
-14909.598694
-13983.468384
-14426.592651
-14456.115112
-14703.552368
-12711.564514
-14324.495544
-14219.956238
-14416.247925
-14777.921326
-13330.720459
-12701.669128
-12930.824585
-14847.054504
-13951.587280
-14170.915039
-13966.357239
-13226.516235
-14878.688721
-14439.261597
-14674.587341
-13792.436340
-13758.508911
-14343.593750
-14271.713196
-14241.124634
-12776.903564
-12738.385010
-13335.126343
-12816.175293
-12640.214111
-12659.927979
-13298.487305
-13723.904358
-12927.839111
-14069.025391
-12801.064880
-14037.787842
-13163.268250
-12761.637329
-13125.999268
-13022.319763
-13153.076660
-14004.605530
-14366.524292
-14725.885437
-13221.366272
-14407.387817
-14703.120850
-14011.387207
-14235.143677
-14166.101868
-13319.363098
-14927.521606
-14616.007812
-14460.058594
-13644.445068
-14605.006287
-15029.920898
-12964.992371
-13192.734924
-12908.092041
-13512.043274
-14697.282043
-13829.633972
-14202.042297
-15309.012634
-12728.160461
-14761.262756
-13184.238892
-14317.934082
-14434.237610
-14581.079956
-14673.556396
-13748.542358
-12927.639526
-14739.471008
-13217.807739
-13013.466064
-13241.676147
-12747.134521
-14980.408447
-14760.518188
-13448.430969
-13178.684998
-12931.289429
-13381.513306
-13693.442993
-13201.709045
-13310.265320
-12788.262451
-13197.091370
-13230.812683
-13266.591309
-12861.531189
-12733.024292
-12873.223694
-12832.514465
-13074.991943
-13113.833313
-12881.743225
-12984.488831
-13944.068176
-13190.340881
-14104.844421
-12621.200867
-13306.173706
-12889.198364
-13725.872742
-12754.591309
-12945.813843
-13198.900208
-14073.594238
-13138.071411
-12909.574402
-14126.615540
-14737.570740
-14387.176514
-14403.143127
-14371.729492
-13508.045349
-13341.431213
-14483.332703
-14097.794983
-13992.611023
-14122.855835
-14447.227234
-14499.075500
-14518.972778
-14485.144897
-14253.635498
-14399.403564
-13287.951233
-14436.812622
-13749.475403
-13921.635010
-14168.068420
-13279.793030
-12941.678162
-13613.044678
-13202.472534
-12838.872437
-12991.319275
-13489.110168
-13714.905579
-13526.650574
-13254.295410
-13097.986328
-14268.408875
-12665.632874
-13330.023560
-13448.459961
-12430.028564
-13396.470093
-13281.282104
-12951.585022
-12864.311218
-13874.346069
-13794.584045
-14482.119690
-14099.328003
-13342.729309
-14345.122437
-14159.900330
-12649.815918
-13043.555847
-13277.758545
-12787.713928
-13315.712769
-13302.733398
-13244.120911
-13268.698364
-12927.928040
-12548.799561
-13278.208130
-13326.951843
-13316.678589
-12942.785339
-13272.136963
-13298.241943
-13249.233032
-12569.277771
-13283.139526
-13260.240234
-13296.662781
-13273.715576
-12989.128845
-12969.412598
-13303.476685
-13311.597839
-13341.941223
-12940.387695
-13270.886658
-13208.239014
-12937.181396
-12995.677368
-13201.473145
-13151.484375
-12622.675049
-13213.242188
-12816.986816
-13045.653015
-13234.326660
-13527.615723
-12968.649719
-13235.991577
-13261.616089
-13024.176392
-13243.002258
-13195.631042
-13200.210815
-13216.516541
-13211.076477
-12617.399719
-13200.097168
-13280.700073
-12611.569641
-13178.054993
-13207.829163
-13808.305054
-13024.614380
-12865.092834
-12768.612366
-14309.070312
-12889.351318
-13628.077637
-12889.793152
-13355.039001
-13074.154480
-13258.786072
-12777.840149
-14205.268677
-13021.490051
-12958.399475
-12660.480286
-12564.478943
-12792.865601
-13610.100586
-13026.300720
-12746.547729
-12899.737183
-12695.310791
-13008.512085
-12942.283936
-12587.104126
-12913.106018
-13145.674683
-13176.784973
-12905.815796
-12960.445129
-12691.667786
-12840.716003
-12966.309937
-13139.179810
-12662.439331
-12683.811646
-13207.023926
-13047.732056
-13000.794373
-13008.353577
-12611.277710
-12968.331787
-13010.614685
-12786.738892
-13003.349487
-12949.639160
-13011.039856
-13162.233765
-13064.798767
-13176.513977
-13427.940796
-13267.556702
-13196.555115
-13062.800232
-12534.195862
-12810.101074
-13028.694885
-13172.592468
-13377.241760
-13009.572083
-12806.437500
-13131.052429
-13223.337585
-13241.710999
-12928.213013
-12704.281921
-13104.994507
-12732.586060
-12991.187622
-13431.340454
-13036.023987
-12691.576355
-12997.808105
-12967.708801
-12518.190247
-12776.282410
-13126.214661
-12946.788452
-12915.113770
-12545.435425
-13001.639038
-13027.653564
-12598.304688
-13132.930115
-12904.709351
-12995.386902
-12945.698608
-12825.014038
-12903.464417
-13141.625488
-13012.653442
-13020.937256
-13066.117859
-12832.472778
-13041.856384
-12933.864136
-13208.580566
-12848.235413
-13044.252075
-13014.209106
-13029.325073
-12738.334717
-13109.537903
-12672.331909
-12696.275818
-13059.112854
-12547.209229
-12664.060730
-12637.403687
-13059.789429
-12968.873718
-13083.816040
-12602.227539
-12925.840027
-13107.667297
-13023.676514
-12971.779175
-11905.740845
-12496.166077
-12863.139587
-13523.725586
-12764.502014
-13279.705261
-12689.129150
-13360.816772
-12947.923401
-13360.023987
-13561.876282
-12663.942688
-13491.501099
-13364.638550
-12634.719604
-13441.222839
-12985.413879
-13119.886292
-13152.311096
-12805.882812
-13221.953247
-13194.730713
-13480.118835
-12711.092712
-12633.153625
-12686.396667
-12826.124451
-12947.982605
-13080.997437
-13260.007080
-13146.382629
-13138.385742
-13244.544006
-13431.372437
-12598.934814
-12607.166077
-12666.504700
-12875.853088
