0.000000
-18083.524902
-17863.924927
-18031.645569
-18445.074158
-17897.782104
-18292.671204
-17998.847412
-18045.059082
-17829.649231
-17951.921265
-17895.937073
-17923.958435
-17998.327820
-18367.496643
-18155.866028
-17568.605103
-18453.929810
-17783.482117
-18592.096436
-17784.389771
-18070.354858
-18349.468567
-17970.389771
-18352.791992
-18206.136963
-17792.295715
-18124.460327
-17917.058533
-18197.941833
-17983.945068
-18629.103699
-18026.592590
-18210.379211
-18433.314087
-17767.734619
-18309.700867
-18921.144592
-18175.881042
-17888.602051
-18073.414124
-18032.403992
-17822.452393
-17946.993042
-18204.669250
-18018.545776
-17909.369934
-18118.422913
-18106.858582
-18333.803467
-18424.201111
-18018.896179
-17785.174866
-17899.704773
-18109.862488
-17601.389648
-18400.266968
-17848.746643
-18035.508423
-17874.121887
-18221.723083
-18019.054688
-18166.754883
-18019.706848
-18063.015381
-18053.452393
-18184.010193
-18083.081177
-18065.106262
-18121.495483
-18119.000854
-18029.519714
-18186.308167
-18036.123352
-18076.715942
-18175.339172
-18332.391541
-17915.998962
-17769.440308
-18338.050720
-17605.449707
-18287.266113
-17875.677429
-18071.754578
-18373.044983
-18162.346802
-18237.780457
-18037.845398
-18609.320862
-18710.483765
-18642.415710
-18728.623657
-18836.289917
-18513.324341
-18577.253723
-18583.703979
-18652.366028
-18654.962952
-18458.166931
-18302.094666
-18543.287354
-18613.789551
-18408.037720
-18700.229980
-18488.951782
-18422.579712
-18000.679626
-17858.828613
-17964.989319
-18405.893372
-18137.349609
-18315.003540
-18348.879639
-18134.782288
-17984.424683
-18039.620361
-18343.365356
-18758.368347
-18564.852722
-18186.716553
-18037.088379
-18288.829529
-17863.063477
-18575.169312
-17857.181213
-18048.032715
-19106.777710
-18020.321289
-18045.887878
-17878.565796
-18123.516541
-18183.430908
-19508.249817
-18088.722290
-17959.725586
-17854.354126
-18179.426086
-18008.359619
-18056.144592
-17980.030029
-17959.757568
-18113.904846
-18015.109314
-18144.170593
-18277.646240
-17723.032898
-17971.926270
-17882.782410
-17750.980652
-17832.569641
-17867.818420
-17969.500610
-18142.434753
-17926.325562
-18124.670654
-18137.694458
-17868.978516
-18088.814270
-18054.861328
-18121.770508
-18037.524170
-18096.398987
-18045.190979
-18055.110718
-18001.891541
-17991.975830
-18338.592285
-18068.639343
-17926.921448
-18060.931885
-18028.007385
-18242.156433
-18233.410461
-17926.358582
-17881.561279
-18131.432068
-18212.284973
-18148.693298
-18345.217285
-18150.155151
-18403.545227
-17860.378357
-18267.328369
-18265.030396
-18017.187256
-17994.003601
-18068.042053
-17909.231995
-18340.150940
-17963.259277
-17901.129578
-17936.106384
-18020.423218
-17946.733887
-17868.642334
-18067.087769
-18039.498352
-18104.484192
-18075.091980
-17931.614319
-18072.769958
-18097.267334
-18088.522278
-18194.408020
-18088.864441
-18001.314270
-18055.655396
-18067.424805
-18004.859802
-17971.331299
-17918.023193
-18120.067139
-18133.229919
-17908.573730
-17925.815247
-18462.780823
-18061.675842
-18233.277039
-18258.764587
-18175.120178
-18194.578674
-18177.261780
-18032.572632
-18099.789917
-18335.427002
-18228.266663
-18196.127014
-18311.450623
-18340.013855
-18232.955994
-18252.401306
-18348.649658
-18293.476379
-18294.186646
-18310.066772
-18348.214600
-18302.803528
-18337.455505
-18330.074890
-18346.051270
-18385.083496
-18164.307739
-18177.983093
-18165.295776
-18365.330566
-18051.466980
-18460.153137
-18466.901489
-18344.229370
-18395.747864
-18007.117981
-18246.404419
-18392.521484
-18391.864075
-18417.497131
-18402.013000
-18435.321838
-18330.915161
-18495.037781
-18416.398132
-18368.466064
-18240.637329
-18223.937012
-18425.161804
-18298.087158
-18250.454651
-18361.499084
-18382.164551
-18375.998535
-18362.452759
-18170.244446
-18169.853516
-18131.617981
-18354.814087
-18261.948669
-18366.789429
-18410.149841
-18368.571655
-18207.082581
-18391.302368
-18396.500488
-18282.571899
-18373.307068
-18044.508484
-18093.261169
-18401.313538
-18295.831848
-18015.088257
-17910.104553
-18049.375305
-18439.659607
-18020.428589
-18221.819397
-17977.961060
-18340.784790
-18039.502563
-18217.773804
-18413.442078
-18281.558167
-18227.294800
-18398.336731
-18122.018982
-17974.204224
-18121.262695
-18124.090881
-18064.801392
-17959.630188
-17973.530151
-18141.652649
-17930.200195
-18084.050171
-18114.263733
-17975.496887
-18032.315491
-18087.299133
-18058.502258
-18190.891235
-17975.787476
-18108.461670
-18111.884460
-18113.482971
-17983.783142
-18241.062195
-17991.894531
-17912.112488
-18003.328125
-17881.246704
-18014.156799
-18108.042847
-18283.298218
-18015.355835
-17999.020996
-18199.151428
-17995.774963
-18075.247192
-18055.327576
-18125.617188
-17971.580627
-18290.850830
-18120.054932
-18143.631836
-18079.642334
-17939.271667
-18049.080017
-18126.802307
-18076.580750
-18038.024475
-17948.160217
-18075.567200
-17968.845093
-18197.473267
-18048.441833
-18136.634827
-18033.230103
-17855.365051
-17942.563171
-17906.501587
-18082.123352
-17887.800842
-18160.629395
-18174.370117
-18055.079468
-17844.463318
-17903.975769
-17912.564697
-17882.501831
-18067.037720
-17985.320190
-17994.904419
-17955.820374
-17890.071594
-17745.357483
-18070.886902
-18025.347229
-17831.514099
-18071.637207
-18043.474976
-18157.508728
-18121.146057
-18030.599487
-18018.229309
-18018.949646
-18071.392822
-18003.221863
-18036.994446
-18027.592712
-18014.409912
-18032.931580
-17828.833984
-18014.659363
-18017.499573
-17994.274048
-17882.690979
-18070.458130
-18018.378845
-18014.106201
-17979.200684
-17861.621155
-18161.917786
-18025.155762
-17887.313049
-18020.149658
-18032.343140
-17995.378784
-18005.636536
-18550.309998
-18019.377380
-18016.828491
-17982.863525
-18015.207886
-18119.867004
-17883.467224
-18029.508667
-18031.047180
-18106.420227
-17957.686768
-18034.754944
-18060.789307
-18065.693848
-18009.093933
-18030.824463
-18000.713196
-18032.524536
-18102.945740
-17985.598022
-17996.652588
-18066.109070
-18178.299133
-17978.532654
-18104.408386
-18076.177124
-17908.451904
-17933.573303
-18864.900879
-18316.575073
-18096.838379
-17738.703857
-18278.474854
-18581.565186
-18158.178101
-18331.351196
-18094.202026
-18043.187439
-18297.201416
-18131.159668
-17930.199646
-18034.947327
-18340.710693
-18259.229797
-17740.404541
-18165.518005
-18293.164490
-18204.656799
-18193.256104
-17853.979797
-18022.047974
-18161.462158
-17875.565979
-17760.304321
-18042.573853
-18161.182861
-18220.920044
-17888.424194
-18291.679749
-18193.183228
-18327.257812
-18084.122559
-17948.875122
-18218.441895
-17791.066345
-17955.919861
-17996.162354
-17687.624695
-17672.443970
-17937.528992
-17912.538696
-18037.542664
-17764.000488
-18277.212708
-18070.357910
-17659.363098
-17837.475891
-17953.772461
-18146.571716
-17919.931152
-18079.895142
-17844.662231
-18281.172485
-18075.972473
-17772.528198
-18057.753601
-18272.831299
-17988.010803
-18003.569214
-18307.601807
-18305.400879
-18436.971008
-18632.323059
-18516.058960
-18534.607117
-18591.981201
