0.000000
-7349.084412
-7626.850037
-7586.591064
-7750.804718
-7781.434387
-7524.787659
-7504.505096
-8209.336304
-7596.731903
-7414.728119
-7739.739227
-7567.031342
-7528.221558
-7929.147339
-7497.915680
-7542.350372
-7698.144928
-7666.972992
-7469.166473
-7533.072296
-7810.810059
-7965.513367
-7803.079987
-7756.350433
-8030.789215
-7587.595673
-7600.191650
-7570.825256
-7921.102631
-7819.210083
-7897.434296
-7614.843414
-7492.206940
-7523.548523
-7428.998871
-7776.332428
-7395.755981
-7393.591583
-7518.700470
-7437.849030
-7367.755341
-7382.923798
-7397.452423
-7468.118164
-7567.694550
-7884.350769
-7765.722900
-7711.993103
-7472.904022
-7720.565674
-7677.000122
-7655.920197
-8026.623260
-7452.939941
-7652.756378
-7758.664215
-7504.691467
-8025.470734
-7775.898132
-7837.348785
-7781.948700
-7879.543640
-7860.266876
-8108.544281
-7773.710571
-7661.524780
-7414.228302
-8290.015686
-7929.535858
-7939.915802
-7908.359253
-7832.336884
-7664.613037
-7866.295593
-7764.650482
-7974.119171
-8073.553619
-7501.401825
-7903.959686
-7941.853516
-8231.501282
-8164.935181
-8197.196320
-8300.411224
-8183.571930
-7869.669830
-7989.250183
-8173.698608
-8140.618195
-8172.025665
-8036.541138
-8195.875763
-8325.583832
-8174.304352
-8251.670654
-8197.252991
-7763.733002
-7936.678925
-7934.921875
-8171.234192
-8112.386963
-8031.127869
-8044.982422
-8061.317352
-8198.748932
-8290.197968
-8271.964294
-7965.874298
-8039.593536
-8151.356995
-8342.735260
-7770.857880
-8239.223755
-8105.363098
-8312.607910
-7686.589600
-8297.519653
-8300.678436
-8321.915070
-8278.091278
-8260.944458
-8133.290558
-8139.916229
-8185.941559
-8475.939362
-7852.938080
-7866.417816
-7413.991577
-7709.920074
-8332.745819
-7409.145447
-8319.580780
-8387.789886
-7269.460754
-7373.347382
-7613.419098
-7581.616577
-7630.404938
-7463.869965
-7326.497162
-7396.414764
-7314.883789
-7345.716949
-7679.876221
-8056.656860
-7832.649139
-8324.738251
-8431.048370
-8273.841949
-7871.328247
-7860.671844
-7982.328705
-8054.879517
-7999.945587
-8280.953796
-8176.695557
-8269.714691
-7775.039185
-8161.799347
-7778.130768
-7946.768463
-8368.593964
-8110.241638
-8127.040039
-8145.562775
-8004.917084
-8231.451874
-7617.682739
-8291.912842
-8089.089661
-8357.596741
-7809.719360
-7830.427032
-8049.957825
-7999.994415
-7619.424500
-8182.436462
-7684.793030
-8316.607330
-8266.522034
-8353.263092
-7701.149719
-7835.177643
-7825.719238
-7743.887817
-7660.513184
-7829.412537
-7778.816620
-7787.655273
-7662.446625
-7772.560394
-7843.581909
-7734.278442
-7676.452850
-7704.633881
-7600.132446
-7832.428253
-7536.749207
-7635.293488
-7755.002869
-7551.985260
-7292.378296
-7274.187531
-7304.275604
-7334.231384
-7262.845673
-7288.612915
-7322.081604
-7348.053955
-7359.711792
-7323.146179
-7326.122314
-7325.943420
-7427.507721
-7281.362793
-7439.903809
-7413.553680
-7489.210541
-7328.396545
-7390.437622
-7389.666199
-7332.703796
-7328.238464
-7361.267426
-7364.082306
-7353.144928
-7339.535461
-7402.763458
-7273.256653
-7355.472778
-7284.832916
-7536.114807
-7433.366760
-7278.040283
-7395.052551
-7343.694397
-7525.669800
-7431.838043
-7362.932922
-7700.640045
-7462.462219
-7502.457611
-7436.871552
-7529.438629
-7473.868103
-7577.080261
-7588.334869
-7674.823395
-7590.828949
-7600.909302
-8205.486084
-7431.778259
-7465.624054
-7581.579254
-7619.177948
-7992.211212
-7685.544952
-7387.619232
-7743.068665
-7963.791016
-7415.583405
-7840.496857
-7375.751038
-7972.772400
-7606.570953
-7373.952698
-7398.100067
-7374.112091
-7412.770416
-7462.110077
-7470.382904
-7396.275726
-7360.284912
-7467.870178
-7355.765167
-7354.862854
-7403.614258
-7360.555389
-7484.192719
-7397.984650
-7418.329773
-7403.341888
-7361.395813
-7385.905243
-7390.849457
-7448.232605
-7381.309509
-7457.107971
-7391.476807
-7331.800568
-7379.599701
-7343.667542
-7358.422791
-7361.420135
-7366.952515
-7369.766937
-7335.618286
-7336.802307
-7331.636597
-7339.947906
-7319.437286
-7325.077087
-7416.986847
-7428.429352
-7341.512665
-7326.264374
-7362.889465
-7320.194763
-7329.800690
-7332.302612
-7320.961395
-7352.510773
-7338.270203
-7333.537231
-7352.786163
-7336.649261
-7334.858582
-7334.342499
-7322.123657
-7329.940399
-7334.089386
-7335.622803
-7338.537506
-7345.003204
-7356.580017
-7333.860840
-7340.362335
-7330.981415
-7335.005280
-7350.192719
-7332.718811
-7326.691498
-7327.720245
-7339.874725
-7325.946259
-7323.380249
-7350.640900
-7319.926056
-7316.670959
-7334.024261
-7329.628204
-7375.740173
-7331.965363
-7362.093079
-7377.123962
-7352.399658
-7333.976227
-7350.344788
-7345.461578
-7318.089386
-7473.315125
-7569.816650
-7407.971100
-7409.684814
-7477.842834
-7440.950806
-7415.475861
-7364.604675
-7530.781860
-7396.604919
-7407.252197
-7513.659302
-7354.595123
-7455.487396
-7441.518402
-7447.670563
-7439.482300
-7798.371796
-7387.081482
-7746.807953
-7394.641937
-7356.332825
-7365.787750
-7546.148254
-7353.483337
-7433.131775
-7365.309448
-7357.580475
-7360.522858
-7367.622772
-7399.476013
-7398.194397
-7411.535736
-7389.660248
-7381.235870
-7388.916504
-7370.872559
-7467.956940
-7401.970520
-7398.720978
-7452.690796
-7410.703705
-7406.047882
-7403.027710
-7404.000488
-7416.039276
-7720.573517
-7349.935822
-7409.954590
-7410.889038
-7399.439880
-7376.439789
-7425.672852
-7739.610168
-7470.992065
-7422.868622
-7427.324799
-7655.362976
-7367.005615
-7884.366058
-7593.025757
-7374.958069
-7832.975891
-7408.169342
-7496.333557
-7397.185303
-7419.385681
-7362.766266
-7553.747192
-7446.905945
-7955.401031
-7902.785950
-7802.532532
-7752.019196
-7726.803894
-8203.561462
-8097.543823
-8154.617950
-7568.563141
-8390.433014
-8200.445221
-8125.410522
-8221.449829
-8287.917480
-8002.994659
-7974.818268
-7772.292938
-8075.607483
-7840.796906
-7888.427948
-8034.487152
-7730.096436
-7755.506042
-8012.813721
-7839.341187
-7843.400818
-7670.153046
-7941.498505
-8197.192413
-7679.258942
-8067.354706
-7918.552246
-8094.142792
-7714.832794
-7630.621002
-7776.205078
-7810.323425
-7898.789642
-8072.980225
-7736.117432
-8075.930695
-7525.604950
-8018.535828
-8138.353699
-7923.741669
-7881.387634
-7717.650482
-7524.670441
-8041.071136
-7799.767120
-7402.329102
-7323.644470
-7340.717224
-7333.648773
-7342.367950
-7346.499756
-7343.998108
-7371.761383
-7319.280273
-7251.542664
-7396.553436
-7355.987701
-7350.778564
-7444.652496
-7448.994354
-7452.504974
-7406.184021
-7415.367706
-7376.302460
-7469.173584
-7406.488373
-7354.470795
-7407.880035
-7390.562042
-7436.265686
-7390.937897
-7381.255646
-7376.046112
-7369.807404
-7367.942963
-7405.966400
