0.000000
-8598.255249
-8641.494263
-8605.016693
-8529.967407
-8615.224121
-8615.011993
-8525.534546
-8605.856232
-8331.069092
-8374.841644
-7938.827026
-8830.331146
-8807.011169
-8534.682098
-8880.845306
-8584.421936
-8738.319641
-8760.549744
-8640.131439
-8665.128815
-8770.019226
-8947.993103
-8308.653992
-8767.186127
-8547.098114
-8682.358063
-8780.509308
-8488.753540
-8511.325775
-8821.685242
-8982.659393
-8852.897919
-8682.509521
-8530.116028
-8470.716492
-8234.549835
-8317.814880
-8509.267975
-8571.807159
-8635.253418
-8487.360382
-8399.535431
-8529.054871
-8640.241028
-8204.982910
-8287.638672
-8591.937134
-8435.398682
-8821.417206
-8410.351562
-8551.962708
-8476.284271
-8699.864807
-8611.109528
-8588.471863
-8550.526276
-8632.790070
-8623.001801
-8622.184479
-8587.148163
-8529.976440
-8604.704865
-8592.450867
-8599.196350
-8606.738190
-8602.221252
-8443.918579
-8708.236145
-8661.744751
-8570.107330
-8664.557983
-8704.566803
-8610.997437
-8548.484894
-8515.774902
-8625.691345
-8477.465302
-8676.572174
-8686.190155
-8520.639709
-8513.799500
-8505.726227
-8538.332581
-8523.790894
-8518.455872
-8488.652863
-8526.885956
-8495.478760
-8531.197906
-8519.455627
-8496.968048
-8513.925751
-8601.608398
-8545.728027
-8629.014709
-8575.315674
-8574.544647
-8620.166840
-8439.764069
-8641.270386
-8484.829468
-8505.938934
-8519.671692
-8516.412781
-8550.721313
-8573.917206
-8508.510681
-8576.749329
-8503.858093
-8506.679504
-8592.804443
-8561.186737
-8670.798035
-8622.186310
-8652.601440
-8574.187134
-8588.758667
-8579.391296
-8569.410645
-8587.543762
-8563.649078
-8497.409943
-8520.832916
-8595.138885
-8516.092194
-8594.539917
-8524.449524
-8648.220673
-8547.127655
-8494.163910
-8558.152252
-8567.360413
-8542.736877
-8594.093811
-8523.832428
-8543.480469
-8469.196136
-8441.867371
-8555.306396
-8542.591888
-8501.276947
-8539.486053
-8544.082367
-8529.026398
-8524.927734
-8592.167999
-8591.688049
-8606.098663
-8489.504791
-8561.775421
-8583.208923
-8443.367340
-8450.997345
-8492.066986
-8502.295502
-8532.373077
-8556.079803
-8646.083160
-8543.220734
-8563.685120
-8619.162140
-8592.282501
-8525.402679
-8604.820557
-8445.947601
-8596.105164
-8442.043732
-8521.281860
-8532.086304
-8505.872131
-8574.812744
-8543.480011
-8612.569977
-8565.036957
-8557.350128
-8490.630157
-8602.455109
-8487.657471
-8516.560883
-8574.245728
-8472.406281
-8488.412720
-8485.337921
-8497.854706
-8602.548187
-8571.260590
-8595.451050
-8618.199402
-8531.800690
-8541.539520
-8509.271790
-8483.857880
-8662.335083
-8610.899963
-8614.896393
-8487.808594
-8491.671875
-8653.126373
-8483.926483
-8471.264282
-8522.801971
-8598.035431
-8597.025940
-8553.567352
-8577.978455
-8528.800873
-8487.346680
-8478.138031
-8495.382568
-8505.271027
-8495.414642
-8484.203369
-8511.831024
-8488.444489
-8496.296112
-8493.081390
-8509.061493
-8521.138275
-8522.061768
-8620.869110
-8477.621399
-8500.024231
-8551.764404
-8641.256348
-8498.608185
-8515.079895
-8484.518707
-8592.646362
-8529.448761
-8531.047424
-8510.654816
-8493.396698
-8480.174438
-8482.920990
-8496.487976
-8495.636169
-8470.550110
-8482.127167
-8475.752380
-8614.322510
-8496.603973
-8511.854980
-8488.282715
-8473.816864
-8485.015961
-8469.529510
-8464.078125
-8497.241791
-8473.504791
-8481.597595
-8483.586670
-8469.921082
-8479.308899
-8491.733154
-8484.091095
-8468.724365
-8474.858154
-8467.829498
-8470.463867
-8474.177673
-8472.246399
-8490.372437
-8480.755615
-8470.208771
-8484.857574
-8476.591125
-8475.544434
-8480.596405
-8478.383301
-8481.090942
-8477.484741
-8481.660248
-8475.703979
-8474.988708
-8480.148499
-8462.897888
-8483.409546
-8473.512299
-8520.137604
-8507.527222
-8510.087921
-8507.961823
-8528.958252
-8482.437866
-8527.559875
-8478.931335
-8476.311371
-8553.673279
-8521.830017
-8482.480713
-8508.713409
-8513.415161
-8502.183838
-8491.159363
-8529.354279
-8475.300171
-8484.720001
-8482.134979
-8499.642914
-8493.464050
-8490.507751
-8467.247742
-8531.171234
-8541.275970
-8487.937866
-8470.624756
-8489.613922
-8469.788727
-8466.178406
-8467.181641
-8461.773651
-8479.066071
-8478.238220
-8483.598938
-8514.650360
-8484.003754
-8498.440521
-8470.977753
-8470.376801
-8483.740143
-8502.078979
-8464.892212
-8491.538910
-8500.306610
-8494.877258
-8493.123901
-8504.344177
-8477.317596
-8571.209503
-8496.712433
-8479.311707
-8476.507111
-8538.444977
-8549.087646
-8701.632263
-8555.133392
-8475.966827
-8560.051392
-8629.891541
-8678.944427
-8658.209808
-8477.449646
-8509.616974
-8468.756836
-8517.913025
-8467.406555
-8486.122375
-8468.848663
-8477.780426
-8549.414429
-8480.496338
-8477.618591
-8512.358673
-8541.461273
-8464.084869
-8066.737457
-8439.447174
-8503.912811
-8156.560242
-7993.411072
-8651.659851
-8510.226746
-8538.178528
-8518.714722
-8543.079376
-8492.713379
-8492.894684
-8449.097656
-8484.987000
-8248.657166
-8488.014923
-8474.813324
-8499.040588
-8865.867065
-8535.824005
-8197.447540
-8570.164368
-8503.272583
-8477.412384
-8661.608398
-8215.864441
-8175.992401
-8243.665985
-8592.154266
-8646.702240
-8497.261200
-8502.115143
-8173.082214
-8543.402161
-8550.285187
-8550.971008
-8499.456543
-8485.384064
-8567.802155
-8530.873901
-8576.506927
-8446.151520
-8586.026428
-8501.668823
-8748.627930
-8492.685883
-8478.359314
-8526.578308
-8555.161774
-8491.022614
-8538.681915
-8669.667084
-8248.283051
-8483.364044
-8587.563416
-8172.941925
-8491.386169
-8514.557068
-8491.452576
-8383.001801
-8549.868011
-8559.444977
-8472.958405
-8483.294586
-8494.721954
-8575.723267
-8932.871674
-8561.157227
-8482.662506
-8473.578857
-8488.880981
-8491.812714
-8532.565826
-8540.352478
-8473.468262
-8477.652191
-8485.486664
-8475.342407
-8704.180328
-8474.782410
-8533.199493
-8492.032410
-8643.149933
-8539.115662
-8651.215546
-8529.338470
-8498.727844
-8493.733917
-8484.971222
-8498.340149
-8488.084045
-8488.697052
-8498.110870
-8524.007446
-8499.992004
-8503.966614
-8524.558197
-8495.038605
-8541.993927
-8498.532257
-8490.102112
-8473.480225
-8476.733643
-8500.289001
-8469.493500
-8477.824921
-8497.907532
-8589.403534
-8551.372375
-8619.196045
-8556.818695
-8535.685944
-8620.785950
-8637.676941
-8490.365784
-8566.700867
-8506.252289
-8507.515045
-8545.081024
-8499.230865
-8508.295532
-8511.148376
-8612.643097
-8667.760468
-8610.802734
-8541.945526
-8520.920349
-8502.741852
-8517.112640
-8606.688293
-8649.289398
-8536.556793
-8590.866577
-8675.843719
-8581.735992
-8563.219025
-8546.343597
-8597.527039
-8448.615326
-8525.162354
-8472.493622
-8475.338013
-8509.373596
-8457.435425
-8505.747253
-8476.198639
