0.000000
-142.097178
-142.539932
-142.420124
-140.528782
-142.744560
-142.841976
-141.499498
-143.358730
-142.948584
-141.556708
-142.479189
-142.826736
-142.595017
-142.431253
-141.358132
-143.047331
-142.263457
-143.455163
-141.600520
-143.937281
-142.072123
-141.418551
-141.028087
-142.859620
-143.878758
-141.629200
-142.113222
-142.416965
-142.138877
-143.108119
-142.359655
-142.651878
-140.958945
-141.753311
-141.056258
-140.220455
-141.074278
-140.756119
-140.672855
-141.998813
-140.912467
-140.897170
-143.762326
-142.936565
-143.956189
-141.358194
-142.049349
-142.802670
-142.669592
-141.526204
-142.585875
-142.801570
-142.649763
-141.452871
-142.356945
-142.760122
-142.266607
-141.631150
-142.842199
-142.921419
-142.917181
-142.736972
-141.527451
-141.250837
-142.824036
-142.893283
-142.720815
-143.354009
-142.359030
-140.165247
-141.053800
-140.630399
-141.310617
-142.272946
-141.126415
-142.112599
-142.712197
-143.446860
-143.075496
-144.162646
-143.352559
-145.338953
-144.718872
-143.781633
-143.711798
-144.474530
-144.079627
-143.809721
-143.109372
-144.124344
-143.477630
-143.829969
-143.458454
-143.400952
-144.023458
-142.644784
-143.876145
-143.612201
-143.351974
-142.239703
-143.291427
-143.694855
-143.333462
-144.017188
-144.005768
-142.648913
-143.259636
-143.643346
-143.321153
-143.666334
-143.110080
-143.549952
-143.754495
-142.750776
-142.952127
-143.133782
-143.171002
-144.354299
-143.373302
-145.146704
-144.167856
-145.337040
-144.332108
-144.310201
-144.953595
-144.525476
-144.969297
-144.951735
-143.106411
-145.408352
-142.914140
-144.014988
-143.882519
-144.889679
-142.521739
-142.607284
-145.137676
-144.413485
-145.560154
-144.232598
-143.012038
-143.284175
-142.585039
-142.071053
-142.730342
-142.739744
-142.568620
-143.238725
-143.867656
-142.717008
-144.987731
-145.424818
-142.767769
-142.841130
-142.863949
-144.459584
-144.747620
-144.860542
-144.311166
-143.075909
-145.845493
-143.031705
-143.421169
-143.611484
-144.706623
-142.891985
-144.639050
-146.733234
-145.813304
-146.507489
-144.282567
-144.043679
-143.717881
-144.220522
-146.031829
-144.366977
-145.184912
-143.826821
-144.483883
-145.315505
-148.388502
-144.240085
-145.389741
-146.746473
-144.849709
-146.002256
-146.671644
-147.029826
-145.712281
-144.882853
-143.907331
-145.651180
-143.777926
-143.273399
-144.968616
-145.923564
-145.533210
-144.368487
-145.456743
-144.482705
-144.416308
-145.551615
-143.320954
-142.775289
-142.714492
-142.742901
-144.816907
-142.692244
-144.123555
-142.487586
-142.646067
-142.671767
-142.892908
-144.750861
-142.915324
-142.550845
-142.551740
-142.507475
-142.520338
-142.519404
-142.923979
-142.384510
-142.834985
-142.830777
-144.104264
-143.711314
-142.841152
-143.616644
-142.738061
-142.587736
-143.637551
-142.952528
-142.454299
-143.097738
-143.568640
-142.590467
-142.516895
-142.681100
-144.255005
-142.614263
-144.847036
-142.751991
-144.538374
-142.624597
-142.509825
-142.869833
-142.871042
-142.602791
-142.668963
-142.627781
-142.554433
-142.696826
-142.756546
-142.864822
-143.848358
-142.714068
-142.519908
-142.705356
-142.689592
-142.641384
-142.501782
-143.213905
-142.657325
-142.568480
-142.478627
-142.494500
-142.614787
-142.616530
-142.557317
-142.695722
-142.638214
-142.530305
-142.776882
-142.606389
-142.584742
-142.491369
-142.518204
-142.704221
-142.734959
-142.665046
-142.592147
-142.703201
-142.523995
-142.497249
-142.637925
-142.645612
-142.655696
-142.611313
-142.617609
-142.532256
-142.669293
-142.412101
-142.655284
-142.467851
-142.555611
-142.425663
-142.690797
-142.588046
-142.526287
-142.694998
-142.444088
-142.587103
-142.677962
-142.685474
-142.703681
-142.644654
-142.517948
-142.658745
-142.590945
-142.714354
-142.653487
-142.636030
-142.503858
-142.713989
-142.694701
-142.737582
-142.716126
-142.741765
-142.761088
-142.710651
-142.723875
-142.508007
-142.578214
-142.680831
-142.707746
-142.602376
-142.694173
-142.517195
-142.852112
-142.477447
-142.573722
-142.533281
-142.596459
-142.655485
-142.933652
-142.665556
-142.770395
-142.828821
-142.890274
-142.764053
-142.556869
-142.688153
-142.540134
-142.879537
-142.748847
-144.803119
-144.308838
-145.041002
-144.207633
-142.631507
-145.269301
-143.410978
-142.805677
-143.316461
-142.890428
-145.613201
-146.293701
-145.235901
-144.201187
-142.812641
-143.376686
-144.758447
-142.616246
-144.510814
-142.718334
-142.711102
-144.086075
-145.324984
-144.244048
-143.300310
-144.818654
-142.731608
-145.396580
-143.507769
-144.606659
-142.811982
-143.393109
-144.119327
-143.500861
-143.362087
-143.173185
-144.315102
-143.214530
-144.022227
-144.452171
-142.786853
-144.368579
-143.619678
-143.632596
-146.324247
-143.136408
-144.554461
-144.259128
-143.403410
-143.221128
-143.627730
-143.171835
-142.322592
-143.313547
-144.512587
-143.683389
-145.667390
-143.794488
-144.550091
-143.668545
-144.543486
-145.512559
-142.701733
-146.936332
-142.846825
-144.139019
-143.860008
-144.067333
-144.747984
-144.387643
-142.132661
-143.033258
-142.729459
-143.458755
-142.520009
-145.128861
-142.522929
-144.316538
-142.833069
-142.823293
-142.694534
-142.583437
-142.773053
-142.582178
-143.260069
-142.643232
-145.272123
-142.704830
-146.023686
-142.762819
-145.781727
-142.720901
-143.986745
-142.821513
-142.873586
-144.762983
-142.562291
-142.740715
-142.565006
-142.631529
-142.548820
-142.681068
-142.627574
-142.514929
-142.585030
-142.677675
-142.756739
-144.773217
-142.566075
-142.966999
-143.554880
-142.610759
-142.578475
-142.675009
-142.703049
-142.733091
-142.682981
-142.759019
-142.752092
-142.736482
-142.552960
-142.644576
-142.510283
-142.499278
-142.801396
-145.371958
-142.466395
-142.441122
-142.538904
-142.643266
-142.659361
-142.873136
-142.508436
-142.773792
-145.201237
-142.506328
-142.516817
-142.813089
-142.628796
-142.581740
-144.188647
-142.600917
-143.676302
-144.956646
-142.916901
-142.546553
-142.671319
-143.152186
-142.563718
-144.854611
-144.982972
-144.338701
-142.750170
-143.954784
-143.386510
-144.880922
