0.000000
-5181.993668
-5218.830444
-5200.554184
-5217.078918
-5216.149109
-5218.723572
-5211.387238
-5213.671936
-5219.628326
-5219.088745
-5219.626038
-5213.392212
-5218.293304
-5218.839020
-5219.068726
-5218.840851
-5218.835297
-5218.841370
-5217.569794
-5219.185028
-5218.871765
-5218.841553
-5218.841583
-5218.829285
-5218.842896
-5218.836639
-5218.842682
-5218.842529
-5218.842285
-5218.842712
-5218.838287
-5218.678070
-5218.843170
-5218.842865
-5218.843109
-5218.834717
-5218.843323
-5218.831085
-5218.843353
-5218.838501
-5218.842682
-5221.917725
-5218.843170
-5218.834473
-5219.459503
-5218.843262
-5222.424103
-5219.928833
-5220.962006
-5220.341858
-5224.394775
-5222.332153
-5221.055786
-5220.865875
-5220.991089
-5228.638336
-5219.671509
-5243.914795
-5225.968536
-5261.952362
-5331.720963
-5366.614594
-5248.831207
-5257.709045
-5302.662766
-5370.443344
-5329.454559
-5369.008606
-5373.430145
-5279.987427
-5361.556641
-5335.534348
-5369.927185
-5326.007568
-5325.897278
-5386.838654
-5377.562119
-5319.909393
-5339.850494
-5338.034454
-5373.363678
-5353.502380
-5349.344650
-5346.610321
-5304.230194
-5346.243286
-5384.106812
-5376.486649
-5362.556259
-5351.356812
-5384.754761
-5313.758789
-5326.069824
-5377.442871
-5341.041718
-5347.887497
-5329.571442
-5378.700012
-5383.553101
-5352.860474
-5414.185913
-5336.555161
-5393.112274
-5331.920715
-5365.633698
-5359.841431
-5385.801590
-5374.942886
-5386.789963
-5383.533539
-5350.840454
-5318.578110
-5314.756226
-5363.938934
-5358.713425
-5360.607513
-5340.982941
-5324.512360
-5321.638992
-5358.890427
