0.000000
-7063.168488
-7026.123169
-7149.191620
-7271.768921
-7048.573029
-7048.342468
-6967.438293
-7123.524780
-7053.522217
-7045.852325
-7063.060272
-7109.281372
-7264.429474
-7183.400604
-7067.956482
-7099.328461
-7312.128021
-7097.078674
-7034.151520
-7344.082886
-7362.547333
-7411.691559
-6975.730194
-7197.139191
-7232.411621
-7448.437927
-7577.960663
-7496.256195
-7153.247375
-7507.940582
-7506.133728
-7114.765381
-7467.189301
-7200.069672
-7814.210236
-7371.080139
-7553.285004
-7123.598480
-7520.346008
-7342.234039
-7128.391418
-7096.078949
-7081.514709
-7089.482361
-7079.370422
-7094.920959
-7121.803711
-7055.515778
-7052.819550
-7436.118713
-7155.941895
-7107.423889
-7420.485413
-7245.223328
-7000.777954
-7271.530182
-7132.929108
-6585.411194
-6613.365265
-7047.928040
-7047.504578
-6927.172089
-6840.284180
-7099.312286
-6570.041687
-6779.670746
-7050.659698
-7128.995239
-7146.269989
-7105.864716
-7059.405182
-7456.137756
-7137.365204
-7218.937805
-7696.052185
-7087.527435
-7503.219116
-7123.133423
-7042.951111
-7102.116058
-7078.374023
-7089.117706
-7080.783569
-7038.080627
-7076.722961
-7058.929413
-7072.716858
-7056.084045
-7056.539398
-6997.951904
-7052.843719
-7061.781158
-7061.874603
-7035.495514
-7020.010193
-6988.064270
-6998.668610
-6922.692810
-6998.403046
-7013.395447
-7017.900421
-7125.857300
-7005.726410
-6946.899719
-6975.819611
-6995.274323
-7008.126129
-7010.581970
-6986.277924
-7012.796417
-7010.217133
-6979.411377
-7016.127472
-6988.642456
-7017.816589
-6958.985626
-7015.178772
-6983.245270
-7005.162018
-7016.817902
-7003.332336
-6984.246002
-7005.359314
-7014.708984
-7015.554047
-6983.731873
-7080.084076
-7168.824768
-7050.462524
-7041.961884
-7059.679352
-7090.111145
-7056.406403
-7078.756470
-7046.554993
-7052.761017
-7010.427277
-6954.248474
-7032.059845
-7070.494629
-7018.814789
-7109.346893
-7044.172791
-7075.845398
-7090.132294
-7078.801910
-7092.246155
-7085.050934
-7067.094727
-6979.897095
-7071.613068
-7129.418427
-7071.693787
-7016.927643
-7148.486908
-7151.452545
-7086.367126
-6975.667664
-7224.159088
-7133.059418
-7003.045807
-7053.286224
-7093.018158
-6935.442322
-7105.130432
-7103.648895
-7079.617096
-6974.761566
-7065.543060
-7063.079163
-7186.396393
-7078.154114
-7214.683899
-7144.733307
-7052.227966
-7169.684601
-7020.634064
-6958.405121
-7139.339752
-7053.903534
-7225.009644
-6924.756104
-7163.075470
-7130.480011
-6952.952911
-6985.382446
-6968.799255
-7017.428436
-7026.415222
-7043.586578
-7028.454712
-7028.414062
-7031.290375
-7037.107300
-7034.436157
-7009.170624
-7034.473358
-7029.112946
-7034.365051
-7022.590271
-7030.237305
-7038.086334
-7000.006653
-7036.085358
-7025.631104
-7032.988342
-7028.977783
-7031.313599
-7032.372162
-7038.590790
-7030.867981
-7026.928345
-7026.806610
-7026.891785
-6981.857635
-7018.048645
-7037.897736
-7029.020294
-7036.295959
-7027.340424
-7035.642700
-7034.053955
-7044.283325
-7021.966156
-7029.684967
-7037.941010
-7031.790009
-7035.583862
-7026.961243
-6971.980774
-7163.557129
-7017.852203
-6994.490723
-6955.726074
-7055.515289
-7023.752350
-7029.490662
-6997.111664
-7111.076996
-7063.952271
-7012.777710
-6988.350372
-6998.925842
-7094.501862
-6969.434601
-7141.398682
-7008.540192
-6991.134644
-7022.103821
-7042.702393
-7137.167786
-7012.285309
-7037.054810
-7154.871216
-7140.604645
-7013.036255
-7035.475250
-7034.999817
-7062.293427
-6993.815155
-7082.692596
-7120.278320
-7062.437805
-7018.488190
-7027.113922
-7033.885742
-7037.328125
-7037.007935
-6974.241730
-7030.606201
-7034.867798
-7042.845520
-7035.725067
-7006.678955
-7040.782196
-7030.921265
-7027.205444
-7046.655487
-7031.590759
-7032.228973
-7039.602753
-7022.737885
-7032.975800
-7027.553986
-7029.742401
-7029.587494
-7033.950867
-7053.327393
-7016.482056
-7059.134796
-7030.845825
-7062.171967
-6940.753418
-7021.892090
-7150.710846
-7048.487946
-7015.275177
-6965.161743
-7213.201324
-7012.386810
-6995.055786
-7032.303711
-7038.018585
-7008.549286
-7034.634216
-7035.910309
-7102.242523
-7084.095184
-7186.135406
-7068.393280
-7159.306854
-7206.068085
-7087.293793
-7075.813507
-7061.370117
-7055.962982
-7085.388550
-7084.255432
-7093.157623
-7118.441803
-7061.886993
-7048.371979
-7099.574219
-7109.635712
-7060.880371
-7063.261780
-7059.165405
-7063.984406
-7056.536591
-7119.037018
-7078.341339
-7033.284271
-7083.044983
-7055.701172
-7107.458527
-7066.520782
-7094.667938
-7051.805145
-7065.753540
-7108.428497
-7055.837982
-6939.940735
-7119.901459
-7070.645081
-7260.223724
-7106.083099
-7058.947601
-7124.815948
-7097.333252
-7087.432007
-7055.024597
-7092.703125
-7068.795074
-7127.722565
-7070.174347
-7125.539001
-7088.822388
-7060.237640
-7087.310486
-7081.284973
-7068.748108
-7034.124969
-7032.030701
-7051.726349
-7065.745697
-7024.861053
-7064.347565
-7108.114563
-7050.713867
-7232.029663
-7332.801422
-7056.279144
-7348.304779
-7333.924896
-7022.930481
-7192.942963
-7052.843170
-7271.374756
-7076.383881
-7252.964508
-7149.052124
-7254.580719
-7182.452545
-7051.784454
-7215.766937
-7236.973907
-7252.063843
-7056.216644
-7333.185944
-7057.518250
-7234.349854
-7274.368866
-7262.936798
-7051.143555
-7020.391663
-7021.094604
-7231.881317
-7042.234497
-7240.763702
-7290.471252
-7028.326538
-7068.173401
-7027.491394
-7263.487915
-7217.122314
-7205.904205
-7232.968292
-7233.115479
-7021.914825
-7351.704315
-7056.296295
-7048.165253
-7328.413055
-7063.058807
-7241.392822
-7064.992828
-7283.126801
-7052.204681
-7130.182770
-7254.291504
-7353.542328
-7045.317352
-7258.952087
-7226.891754
-7101.452454
-7239.681976
-7237.534485
-7195.248566
-7062.927307
-7015.604187
-7065.364777
-7028.265656
-7090.467316
-7143.102112
-7046.631287
-7157.359924
-7411.204559
-7307.268219
-7055.421906
-7035.812103
-7017.820831
-7051.022186
-7356.728149
-7022.462341
-7092.532593
-7054.589508
-7047.059753
-7090.467377
-7076.032684
-7064.907166
-7123.424011
-7062.595490
-7246.208618
-7019.053314
-7030.454620
-7246.761627
-7043.025055
-7046.262939
-7012.356537
-7037.058472
-7045.250061
-7014.206055
-7226.965057
-7023.439484
-7041.926361
-7055.336060
-7012.597260
-7045.288574
-7052.311859
-7046.439484
-7049.759399
-7063.043610
-7257.393005
-7250.520294
-7022.387817
-7046.298615
-7040.374969
-7034.630585
-7220.008514
-7041.378052
-7030.873596
-7039.210938
-7049.775574
-7053.570923
-7044.619110
-7254.907227
-7036.872192
-7056.967377
-7034.634888
-7043.436218
-7048.827515
-7046.355591
-7046.092346
-7058.756439
-7042.312775
-7063.506989
-7042.305511
-7046.451019
-7038.998596
-7046.744934
-7038.896759
-7003.728180
-7052.271240
-7233.957611
-7011.489410
-7016.844849
-7032.903503
-7156.791840
-6936.658508
-6936.596710
-6908.210175
-6820.920471
-6999.078766
-7020.190247
-6714.056976
-6810.103455
-7025.094543
-7032.615906
-7008.692657
-7098.982208
-7122.401459
-6991.580536
-7030.101929
-7051.210266
-7064.760162
-7084.884033
-7018.614624
-7106.467896
-7020.197998
-6926.569183
-7032.807190
-7031.946075
-7322.771759
-7039.932739
-6970.570648
-6970.623199
-7073.305450
-6999.667450
-6977.282288
-6933.861877
-7048.923218
-6956.118347
-7167.207825
-6967.177155
-6963.869354
-6969.508728
-7055.935333
-7044.768341
-7034.280121
-7194.832764
-7050.393921
-7031.251465
-7270.802429
-7121.399536
-7006.428101
-7249.140930
-7208.967468
-7053.164246
-7044.008118
-7040.603302
-7036.447876
-7048.652527
-7040.055450
-7047.064636
-7046.989136
-7217.592529
-7199.810669
-7041.501984
-7054.080719
-7017.079010
-7233.115082
-7032.741028
-7054.166779
-7261.014618
-7252.496368
-7046.611389
-7059.280731
-7001.526215
-7017.075043
-7055.574310
-7257.154144
-7048.324005
-7023.017334
-7045.428345
-7034.266785
-7040.910706
-7047.506775
-7062.336487
-7066.151154
-7046.191315
-7078.653442
-7083.396057
-7065.325073
-7030.437134
-7030.344299
-7088.293915
-7084.345490
-7069.430878
-7076.363586
-7085.846497
-7085.581787
-7096.690186
-7081.026398
-7015.659943
-7051.937500
-7025.110138
-7060.697937
-7091.949646
-7039.864014
-7033.927216
-7047.864319
-7077.806488
-7035.341522
-7129.576660
-7290.406372
-6776.690216
-7067.143066
-6810.894165
-7629.436554
-6863.690613
-7319.724487
-7190.750061
-7143.494659
-6768.525330
-7437.864716
-7101.592743
-7044.155334
-7099.038879
-7418.420532
-7389.526093
-7144.417145
-7076.378632
-7170.136292
-7117.104034
-7175.579590
-7139.901337
-7028.901672
-7003.131104
-6695.246399
-6650.273468
-6595.662384
-6684.998505
-7061.183441
-6666.965759
-6707.560394
-6681.293396
-6697.096252
-6695.450958
-6697.789948
-6657.193512
-6693.132477
-6694.245056
-7241.613861
-6552.673340
-6686.890656
-6677.191406
-6761.106384
-6673.412323
-6683.671661
-6673.982727
-6677.805664
-6496.972168
-6696.839233
-6691.065002
-6695.589417
-6705.754181
-6905.192505
-6709.230743
-7008.338226
-7095.601166
-6738.534607
-6853.527283
-7027.536011
-7110.578796
-6858.719360
-6862.881714
-6830.108795
-7013.979156
-6929.399811
-6575.924530
-6693.580536
-7140.918243
-7124.308899
-6643.409302
-6672.969391
-6671.490479
-6523.662598
-6692.149597
-6961.955963
-6682.447205
-6629.076324
-7005.080627
-6652.019318
-6683.208832
-7299.129272
-6688.273376
-7058.200562
-6981.454498
-7366.598816
-6739.942841
