0.000000
-20046.365784
-19432.128235
-19884.017090
-19667.305786
-20058.417297
-20092.836060
-19792.903687
-19968.946472
-19952.201111
-19696.080078
-18341.205200
-18992.978394
-19881.285095
-19027.734741
-17437.313538
-19870.173340
-18682.755005
-17594.129456
-20487.124023
-20086.565613
-19876.536621
-19687.492065
-19651.945740
-20103.838440
-20160.962219
-19090.228882
-19648.552917
-20026.227783
-20153.908691
-20073.687500
-20057.840027
-20063.318420
-19860.884094
-19339.907227
-20146.768188
-19780.225525
-20089.740906
-20119.833618
-20059.857056
-20031.658875
-19866.245789
-19566.989624
-20070.934387
-19705.987000
-18988.055298
-19708.535889
-19459.348633
-18095.028198
-19977.836792
-17709.309265
-17755.512878
-19217.920227
-17620.697327
-17383.480225
-17906.870361
-17838.996277
-17620.341431
-17818.691467
-17896.279053
-19189.765076
-19901.071899
-17581.512207
-17591.967041
-17862.135376
-17606.200684
-17858.154724
-17869.087891
-18791.568909
-18952.295776
-17866.210510
-17685.833923
-17477.895630
-17516.718079
-17968.141113
-17242.804932
-19902.208252
-17430.098572
-17525.169922
-19800.947693
-17906.559143
-19073.559937
-18208.393066
-19763.719543
-20145.329102
-17946.886719
-18226.302795
-17786.569031
-17853.567078
-17891.810181
-18093.071716
-17833.246216
-17646.543701
-17968.650940
-17895.152771
-17887.401611
-17847.029785
-18337.469238
-17906.345093
-17790.601013
-17835.470947
-17743.668030
-18035.834778
-17903.941345
-18147.076965
-17814.913513
-19219.856506
-19130.715271
-19467.294861
-18253.348145
-18519.936829
-19506.424622
-19216.227844
-18683.405457
-17762.727295
-18292.387695
-18387.815735
-18108.160706
-18594.992432
-18553.576538
-17608.815063
-18902.850769
-19717.970703
-20045.238342
-19517.241455
-20047.412109
-19731.008545
-19543.726501
-19777.771912
-19293.201782
-19453.535278
-20030.618958
-19919.349060
-19678.167603
-19163.331055
-20029.696533
-19956.801941
-19848.281982
-19816.563232
-19811.804932
-19866.952271
-20124.906128
-19505.969299
-19772.463684
-19830.684692
-19704.219238
-19910.578064
-19862.569458
-19729.149719
-19797.212036
-19896.544678
-19475.745361
-19974.263123
-19900.274414
-19684.033691
-19797.080444
-19748.037842
-19798.845459
-19224.310730
-19695.719727
-19382.305786
-19882.595276
-20027.975830
-18789.997009
-19725.401917
-19726.569458
-19614.434753
-19798.476440
-20007.243286
-19894.828308
-19918.726318
-19601.226807
-19994.448242
-19738.180420
-19791.157959
-19597.084900
-19659.665710
-18671.226929
-19725.477478
-19323.854919
-19116.071350
-19844.645386
-19028.636780
-18332.958069
-18568.065002
-19281.653198
-19448.725647
-19025.113220
-18476.779846
-19754.136536
-19559.913574
-19399.615540
-19474.559814
-18937.426697
-19350.529419
-19907.182678
-19714.481873
-19806.988281
-20020.165588
-17739.429199
-20050.652649
-19696.840576
-18781.445679
-20184.746399
-19844.626526
-20174.164490
-19483.677979
-18805.562012
-18545.218140
-18409.081299
-19462.914490
-19375.165649
-19718.505798
-18337.765076
-19387.341553
-19596.236938
-18501.826233
-19644.060852
-19432.386230
-19672.433594
-19537.197021
-17980.436951
-18855.647339
-19310.773560
-19462.414612
-19105.500427
-19619.741760
-18526.287659
-19565.428650
-19021.134949
-19798.385559
-19253.061890
-19119.577820
-19344.439209
-18527.052002
-19665.470276
-17837.684448
-20123.989807
-18784.638428
-19301.161560
-18776.177307
-19673.582886
-19011.982971
-19503.566833
-18875.611023
-19727.049438
-19817.158569
-20061.514160
-19613.123413
-20161.069885
-19936.795776
-19770.916260
-19771.754456
-19636.445557
-19587.217041
-19577.035828
-19716.628418
-19686.087097
-19909.486694
-20142.432129
-19701.453247
-19807.371033
-19639.165283
-19976.543762
-19687.774292
-19616.824890
-19613.919434
-20084.271851
-20147.155884
-20079.303711
-20114.179932
-19511.961609
-20098.818726
-19916.598877
-19634.309143
-19965.408569
-20105.573120
-20115.952087
-19991.772461
-20106.745728
-20142.382263
-20113.884827
-19833.253845
-19644.974060
-20132.293884
-20157.729187
-20194.395752
-20098.481567
-20172.294006
-20171.618103
-20025.649170
-19857.942200
-20162.175903
-19530.045471
-20091.254272
-20161.966492
-20042.902405
-20133.862549
-19518.244629
-19172.068237
-20107.642029
-19973.644958
-20280.647400
-19527.997437
-19894.680298
-19960.199585
-20210.584961
-19422.958008
-20211.669495
-20174.118774
-20293.829407
-20248.628662
-19627.556580
-21114.440979
-20166.848389
-19685.269897
-19766.124268
-19525.205811
-20131.332947
-20203.318787
-20099.869568
-19901.603333
-20251.611145
-20208.113220
-20901.117126
-19925.957947
-20150.747314
-20180.361450
-20322.876038
-19493.596863
-20016.983765
-20251.730957
-20270.785767
-20177.265625
-20081.714966
-19887.689209
-20273.732788
-19553.085510
-20366.102722
-20253.454468
-20315.095032
-20202.351074
-19775.523987
-20228.004272
-19974.072144
-20218.821655
-19867.387329
-20194.494873
-20079.244507
-19931.343384
-20193.223999
-19835.442871
-20232.950439
-19729.632629
-19760.661865
-20183.552124
-20161.163147
-20035.449280
-19858.633911
-20169.295776
-20285.015625
-20384.309631
-20102.931702
-19536.947571
-20240.659302
-20193.641052
-20127.315552
-20266.739075
-20423.435486
-20130.990234
-20017.064087
-20102.707336
-20207.838989
-20370.285522
-20136.053223
-20069.796448
-19715.756836
-20231.142700
-19852.285034
-19986.327148
-19906.598938
-19758.048401
-19933.459534
-19973.925232
-19932.923035
-19837.218140
-19875.789429
-20085.290405
-19815.346252
-19931.773804
-20065.334351
-19680.535767
-19869.138367
-19937.368286
-19934.616943
-20005.431091
-20051.265564
-20070.266296
-19929.770935
-19874.094360
-20101.332947
-19875.268616
-19988.768005
-20006.956299
-19950.859253
-20064.026367
-19935.962158
-19959.596436
-19927.252991
-19846.085388
-20027.188721
-19706.094360
-19897.156128
-19967.673889
-19993.797607
-20195.215149
-20046.988281
-19935.102112
-19986.564514
-19957.171326
-20038.829834
-20077.378906
-20063.917725
-20073.810791
-19980.501221
-20122.681030
-19986.072754
-19736.956543
-19893.747925
-19781.935425
-19911.099731
-19974.457031
-19950.720703
-19969.062195
-19914.251099
-20034.112244
-19908.656250
-19897.721802
-19951.647949
-20061.889038
-19827.461121
-19833.308838
-19918.959351
-19804.921082
-20017.411804
-19877.122253
-20070.553833
-19888.404114
-19984.750610
-19899.572449
-19982.847961
-19747.135681
-19757.965698
-19977.743774
-19794.408142
-20115.061829
-19997.209045
-20124.735779
-20127.805603
-20082.553528
-20081.649902
-20136.870056
-20105.492737
-20110.265686
-20136.857056
-20099.229065
-20089.618225
-20092.261719
-20100.048218
-20079.201355
-20115.614685
-20128.046875
-20093.653137
-20098.062866
-20058.679993
-20091.245178
-20133.162720
-20067.259705
-20115.266296
-20059.350830
-20103.935181
-20102.877319
-20122.347046
-20112.779846
-20109.358459
-20133.917236
-19935.985107
-19981.638123
-20037.702820
-20008.534180
-19987.930359
-20056.065186
-20009.393860
-20039.866211
-20115.715393
-20131.280273
-20101.133972
-20068.032166
-20101.620972
-20115.672791
-20129.782776
