0.000000
-8631.160217
-8393.124756
-8433.821594
-8237.283813
-8523.438904
-8633.673370
-8523.400177
-8461.471558
-8519.263184
-8562.047180
-8472.594788
-8826.337372
-8894.291687
-8603.304657
-8595.303436
-8434.190582
-8613.087585
-8428.127075
-8694.249115
-8622.671600
-8569.487274
-8582.799622
-8690.377289
-8819.433197
-8501.088715
-8611.668976
-8469.839996
-8452.095276
-8475.389465
-8447.047852
-8467.472565
-8437.262238
-8544.285706
-8564.478027
-8472.105499
-8486.089966
-8467.228333
-8444.490692
-8460.165009
-8471.226379
-8441.875458
-8502.713348
-8485.020477
-8463.464783
-8497.249207
-8459.103943
-8474.479065
-8459.266327
-8472.571869
-8629.357666
-8477.288666
-8466.670044
-8497.292633
-8477.909332
-8534.197388
-8474.526428
-8455.891449
-8454.656952
-8484.878571
-8467.472900
-8474.198212
-8498.010590
-8464.505859
-8475.959747
-8543.565094
-8484.218292
-8496.440948
-8501.609772
-8491.714661
-8517.181091
-8470.376770
-8487.587860
-8513.114014
-8603.481262
-8494.844086
-8480.253113
-8503.361237
-8514.644257
-8510.481964
-8229.406128
-8588.427429
-8128.046692
-8624.748840
-8470.868591
-8755.249329
-8433.716034
-8522.696381
-8085.593506
-8265.537354
-8565.260071
-8573.291595
-8662.241913
-8045.500061
-8678.431671
-8341.889404
-8619.091400
-8578.570099
-8449.253174
-8420.781189
-8315.498260
-8121.140228
-8386.898956
-8510.859528
-8457.092102
-8469.661774
-8283.621033
-8301.269531
-8423.637360
-8216.917786
-8022.165100
-8542.312195
-8495.919586
-8477.505981
-8476.510590
-8486.895020
-8519.420380
-8500.199249
-8925.959625
-8472.072235
-8489.943512
-8450.392639
-8458.216095
-8819.623810
-8483.947540
-8483.472839
-8456.841888
-8830.369263
-8473.033203
-8681.331879
-8482.831207
-8590.549500
-8081.412262
-8585.041382
-8233.863770
-8527.091522
-8477.826874
-8536.009277
-8510.087128
-8282.713776
-8351.680542
-8287.240936
-8653.918579
-8190.661804
-8233.872437
-8252.695557
-9046.974701
-8547.217041
-7942.529236
-8025.678741
-8394.613647
-8640.569519
-8542.524170
-8622.519684
-8421.331573
-8631.857910
-8068.383240
-8318.480530
-8052.875885
-8363.423553
-8575.915894
-8347.307556
-8422.448120
-8264.376648
-8142.009369
-8586.843018
-8124.107330
-8694.788086
-8429.943207
-8719.149261
-8790.060120
-8061.195801
-8425.409943
-8481.709351
-8320.475128
-8567.360443
-8167.062256
-8377.299103
-8501.656311
-8307.950134
-7962.316833
-8022.504089
-7929.741211
-8371.092529
-8304.058960
-8823.324432
-8705.451691
