0.000000
-776.341354
-782.498932
-780.307312
-782.818573
-782.811523
-782.819733
-782.825409
-782.813385
-782.824829
-782.783661
-782.820526
-782.775909
-782.919006
-782.825928
-782.044159
-782.812042
-782.815094
-782.806122
-782.816132
-782.817902
-782.814819
-782.825256
-782.825867
-782.825226
-782.825562
-782.816406
-781.225586
-782.825806
-779.978149
-782.826141
-782.764801
-782.825165
-782.825928
-781.300507
-782.788452
-782.778076
-783.007812
-782.906982
-781.552551
-782.643585
-777.994537
-782.818756
-783.938507
-782.548889
-782.868805
-782.507904
-781.601654
-782.808319
-779.446503
-782.823242
-778.812836
-779.854980
-782.781769
-774.172775
-772.649292
-781.425568
-782.825775
-781.662292
-771.162704
-779.819214
-782.909943
-781.755920
-782.492859
-771.633179
-779.531921
-786.048523
-785.945709
-780.778259
-785.047516
-788.910126
-778.509827
-788.246338
-770.152634
-784.841858
-784.433578
-788.393036
-780.002533
-783.390411
-791.688217
-789.462921
-769.216461
-783.016739
-781.756226
-794.670898
-793.762863
-787.799561
-783.481049
-789.585449
-780.283081
-788.320129
-793.396149
-791.568298
-778.165283
-782.488037
-789.895798
-771.209976
-785.079163
-786.288055
-804.116364
-779.090820
-789.455017
-772.941879
-784.599030
-777.724213
-796.065094
-786.650208
-782.775330
-772.630020
-784.489044
-774.528824
-784.103912
-779.779358
-778.605530
-773.577377
-782.759399
-790.982788
-787.404877
-782.006287
-786.238998
-786.509918
-791.084076
-773.435593
-792.706421
-792.125977
-783.746857
-790.675568
-788.600647
-813.433258
-787.230835
-788.072388
-783.350525
-788.543152
-797.461060
-784.917480
-790.927368
-781.210815
-791.515320
-792.735840
-788.666077
-787.525208
-782.584518
-788.178162
-785.516083
-786.076721
-789.362427
-785.712891
-778.762573
-783.663666
-789.103027
-789.616669
-789.405792
-787.870087
-789.719604
-783.176697
-785.735718
-775.376511
-780.936310
-787.535706
-773.290421
-780.227417
-790.875595
-779.998291
-782.786926
-780.456543
-782.411774
-783.140656
-781.170471
-775.937439
-782.879791
-779.441620
-783.385803
-787.362244
-780.881775
-779.374298
-780.073883
-781.524200
-782.921448
-775.898438
-780.750793
-783.716202
-782.796539
-779.741974
-778.512024
-782.168182
-781.711792
-779.687439
-772.511520
-772.246796
-786.128876
-784.434601
-788.451355
-786.661224
