0.000000
-170.745761
-162.667561
-155.274114
-156.023123
-155.219865
-156.215461
-156.026617
-156.332340
-156.050631
-154.332158
-156.349016
-158.728440
-157.681507
-156.758684
-155.923194
-158.372091
-156.231033
-155.031588
-154.419489
-155.178109
-155.739787
-159.142968
-156.610215
-158.212261
-154.900111
-156.549099
-158.347333
-155.393371
-155.837206
-156.013293
-154.902830
-153.652373
-154.770944
-155.034120
-154.287430
-157.185495
-154.138936
-153.872845
-154.230799
-155.240990
-153.908862
-154.691662
-156.554709
-156.134155
-157.151271
-157.083738
-156.151513
-156.789688
-154.368009
-156.253411
-154.801515
-154.323400
-155.844367
-155.245399
-158.036899
-155.043102
-154.073393
-157.399473
-155.861237
-154.462022
-155.104583
-155.601900
-153.457925
-154.406558
-155.346065
-154.174725
-153.424860
-153.963648
-153.570394
-153.826159
-153.448574
-153.419565
-153.794773
-154.090189
-153.792602
-154.036923
-155.890850
-155.705788
-154.351253
-155.603368
-154.298102
-156.162081
-154.047015
-153.979667
-153.965633
-153.780282
-154.209568
-154.113330
-153.976941
-154.266257
-154.164460
-153.941824
-153.773479
-153.165467
-153.580183
-154.052217
-153.576750
-153.468190
-153.771202
-154.224821
-153.586671
-153.706560
-153.431269
-153.801103
-153.581220
-153.607014
-154.088025
-153.680053
-154.245358
-154.536043
-154.199440
-154.316749
-154.213443
-154.252987
-154.298515
-154.433795
-154.250111
-155.701129
-154.321742
-154.280628
-154.286397
-154.330051
-154.394716
-154.300785
-154.237432
-154.268129
-154.309380
-154.308809
-154.309315
-154.290161
-154.392972
-154.243344
-154.344434
-154.925473
-154.251535
-154.208786
-156.261601
-154.269021
-154.340541
-154.283721
-157.011107
-154.314706
-154.331706
-154.310785
-154.350809
-154.262245
-156.284233
-155.854548
-155.589449
-156.009449
-154.945159
-156.420952
-155.742548
-154.634036
-155.018487
-155.221845
-156.563357
-155.808685
-155.358571
-155.188153
-154.673162
-154.230423
-157.764497
-155.857754
-156.604073
-154.557355
-154.543136
-154.286558
-154.270676
-156.674027
-157.170381
-155.227035
-156.103982
-156.374972
-155.716287
-154.667090
-154.421115
-155.132063
-157.258088
-155.412730
-156.410771
-154.977589
-156.501838
-156.886006
-156.670767
-156.421128
-157.448146
-157.224236
-156.154804
-157.408197
-158.054505
-155.151514
-156.827079
-153.764664
-154.113885
-155.159083
-155.153171
-155.493041
-154.111509
-154.836185
-154.176884
-157.376170
-154.289380
-154.107809
-154.257633
-154.247729
-154.822991
-154.440492
-155.226690
-154.145575
-154.185236
-154.008610
-155.372302
-154.098183
-154.157935
-154.209445
-154.610573
-154.244976
-155.348985
-155.463917
-154.106722
-155.915553
-154.367889
-153.956115
-154.071731
-153.174669
-153.711503
-155.063512
-155.479864
-155.273852
-154.424717
-155.266918
-155.398982
-156.733667
-154.975706
-157.288001
-154.106754
-156.077875
-157.621709
-154.969000
-156.546568
-157.783372
-155.919797
-156.124792
-156.558292
-155.457578
-155.533777
-156.400573
-156.174572
-156.460713
-156.869088
-156.203499
-155.986265
-156.345885
-156.110734
-156.150257
-156.372990
-156.026077
-156.305714
-156.058772
-157.007841
-156.264621
-157.056448
-156.944322
-156.709723
-156.806837
-157.364248
-156.625520
-156.679596
-155.971187
-157.264533
-157.104216
-156.555372
-156.438090
-158.317260
-154.097075
-157.278565
-157.866939
-158.243422
-159.049219
-154.842244
-155.949022
-155.018496
-155.425695
-156.951810
-156.689339
-158.421195
-157.412751
-156.617002
-155.961855
-156.807062
-156.329170
-156.327251
-155.739681
-156.043413
-156.685368
-155.600160
-157.505654
-155.300439
-156.759534
-155.127767
-155.130458
-156.477641
-158.080580
-156.174179
-153.821211
-156.744660
-156.808785
-154.642389
-154.398084
-155.974560
-155.789966
-156.494191
-156.390165
-155.320873
-154.557441
-156.026006
-155.232937
-155.554411
-155.960525
-155.372488
-154.404217
-155.906320
-158.235132
-154.228046
-155.177531
-156.332879
-154.218762
-155.739672
-155.726818
-155.046605
-154.292060
-155.890988
-154.288510
-157.869295
-154.349998
-157.906142
-156.148273
-156.132398
-156.241573
-156.137262
-155.057802
-160.093485
-160.572021
-155.517451
-156.695480
-158.228720
-155.789667
-155.818795
-155.687033
-156.606140
-155.700692
-154.357170
-156.611175
-155.861867
-157.322005
-157.715856
-154.565948
-155.009813
-156.203377
-156.081704
-156.081846
-158.537087
-157.999168
-156.390890
-156.246019
-155.052958
-156.115973
-155.550357
-155.405124
-156.314022
-156.271488
-156.386692
-156.585479
-157.005401
-156.450617
-157.681508
-158.173252
-157.910501
-156.299982
-157.383842
-157.931182
-156.874531
-157.035859
-156.568489
-156.534129
-156.078074
-154.418729
-158.035991
-159.299580
-157.856127
-157.589959
-155.292828
-155.396363
-154.559076
-155.483959
-155.943162
-153.886169
-157.439358
-155.072029
-155.776684
-153.907465
-155.860874
-155.746908
-155.014063
-155.518752
-154.027889
-153.434716
-153.708613
-154.201697
-154.438687
-154.244470
-154.155757
-154.269577
-154.215566
-154.162602
-154.237098
-154.240005
-154.282042
-154.278570
-155.244274
-153.843181
-153.851278
-153.850505
-153.948116
-153.594874
-153.797239
-153.723552
-153.630359
-153.836098
-153.706938
-153.977796
-154.177238
-154.015301
-154.065996
-154.357645
-153.779502
-153.861560
-154.117829
-154.316709
-153.948797
-154.384744
-153.785029
-153.748218
-154.205137
-154.242167
-153.925066
-154.241208
-154.866256
-154.219642
-154.265394
-157.230163
-157.370301
-155.100734
-153.661513
-155.403114
-154.086178
-154.198738
-153.802728
-153.306351
-154.436575
-154.263800
-154.142256
-154.428632
-154.326073
-154.233709
-154.454060
-154.254949
-154.146129
-154.074080
-154.283739
-154.159056
-154.228786
-154.263269
-153.781636
-154.419150
-154.329484
-154.088234
-153.874063
-154.392647
-154.487230
-153.410059
-153.355867
-153.106656
-153.362560
-153.671857
-153.469415
-153.275879
-153.678215
-153.441067
-154.001075
-153.307100
-153.694823
-153.528702
-153.437780
-153.563563
-153.702125
-153.394551
-153.620166
-153.176191
-153.253509
