0.000000
-171.192992
-168.761698
-170.874812
-170.129739
-169.667203
-169.421266
-169.026454
-169.001957
-169.247517
-169.751581
-169.110397
-169.166145
-169.131005
-168.958468
-169.123633
-169.107189
-168.992104
-168.979343
-169.520960
-168.971923
-170.762997
-169.616811
-169.109989
-168.986737
-169.061991
-168.630908
-171.434411
-170.999962
-168.981906
-170.123813
-171.402333
-170.503032
-168.839885
-169.048428
-170.994448
-169.995791
-169.268599
-170.971874
-170.192166
-168.052952
-169.498648
-168.378395
-167.799030
-169.975797
-171.170095
-171.031543
-168.777738
-170.464882
-171.035513
-168.680431
-168.512964
-170.300487
-171.501392
-168.638956
-170.049084
-169.749691
-168.659734
-170.721273
-168.662393
-170.735767
-171.275335
-169.577136
-169.537289
-169.866420
-169.336918
-171.326158
-171.186657
-171.280595
-170.203092
-169.876180
-173.522978
-173.055806
-172.824305
-172.879629
-170.683434
-171.114286
-171.802761
-170.805467
-169.525631
-169.483570
-169.408865
-170.241018
-169.180166
-169.352074
-169.091374
-168.985461
-168.984120
-169.553651
-169.811073
-169.610268
-169.190229
-169.096596
-171.253363
-169.064811
-170.556246
-170.668329
-170.692182
-168.812465
-168.922868
-170.430726
-168.349994
-169.743332
-169.617107
-169.439265
-170.881949
-169.157339
-169.247452
-168.968175
-170.217182
-169.102322
-169.108412
-170.661389
-169.391908
-170.087310
-170.678161
-170.028954
-170.774786
-168.693517
-169.525595
-169.903580
-168.652043
-170.299321
-170.410279
-171.017396
-169.275394
-169.988192
-170.954285
-170.520759
-168.921144
-170.946689
-169.192014
-169.172415
-170.541854
-171.109119
-169.381338
-168.919332
-170.707450
-169.428615
-169.285418
-169.325571
-169.493993
-170.563855
-169.943327
-169.389949
-170.347088
-169.217519
-169.819627
-170.224373
-169.119012
-169.232287
-170.663630
-169.390526
-169.334195
-169.536151
-169.350620
-169.302769
-169.027344
-168.989112
-169.402773
-169.209673
-169.307367
-169.298881
-169.181392
-169.175165
-169.228711
-168.940177
-169.036073
-169.021854
-169.004017
-168.910656
-169.262196
-169.474591
-168.763193
-169.261213
-168.843885
-169.262438
-169.114672
-169.186048
-169.171978
-169.288971
-169.077139
-169.171548
-169.271721
-169.285676
-168.753549
-168.933918
-168.938527
-169.326878
-168.959927
-168.865922
-168.810777
-169.119923
-168.976021
-168.817393
-168.693497
-169.016938
-168.812438
-168.932234
-168.713031
-169.181151
-169.053084
-168.985043
-168.956544
-168.706636
-168.647514
-169.057937
-169.199073
-168.918202
-168.788008
-168.972427
-168.707243
-168.575559
-168.857646
-168.990367
-168.767060
-169.163616
-168.887700
-168.664174
-169.015575
-168.856520
-168.669145
-168.509545
-168.981168
-169.113121
-168.856219
-168.649515
-168.887436
-169.215226
-169.175670
-168.899934
-169.143947
-168.744641
-168.960343
-168.852974
-169.049373
-168.779992
-168.855351
-169.877880
-169.086973
-169.737872
-169.629220
-169.730776
-169.366684
-169.119425
-168.801069
-168.833755
-168.807962
-169.126933
-170.053463
-169.926695
-170.244042
-169.597571
-169.406400
-169.755785
-170.909837
-170.150466
-169.812200
-169.146822
-169.010030
-169.408915
-169.230637
-170.247467
-169.001203
-169.286517
-169.162965
-168.927976
-168.949340
-168.967494
-169.032138
-168.743074
-168.552209
-169.173337
-168.592289
-169.165273
-168.641179
-168.745102
-168.718470
-168.502886
-168.581538
-168.788003
-168.684982
-168.896294
-168.756804
-169.217913
-169.242544
-169.448109
-169.385846
-169.079551
-169.098945
-169.335367
-169.027473
-169.786624
-169.048242
-169.234890
-168.999032
-169.300606
-169.224742
-169.234350
-169.295087
-169.290131
-169.360302
-169.509007
-169.067965
-169.182308
-169.186475
-169.432436
-169.060904
-169.122920
-169.241612
-169.335269
-168.872043
-169.385062
-168.899214
-169.161839
-169.052719
-169.910222
-169.039580
-168.759120
-169.852109
-168.949221
-169.130218
-170.027289
-169.197780
-169.448873
-169.210810
-169.036828
-169.133411
-168.948638
-169.158074
-169.028465
-169.183998
-169.175509
-168.961655
-169.128476
-168.899335
-168.953987
-168.921297
-169.265934
-169.020961
-169.124570
-169.074385
-168.965882
-170.482636
-170.632862
-170.764584
-171.124033
-170.974530
-170.620101
-169.639141
-170.601080
-171.097688
-170.462629
-170.198862
-169.902953
-171.063056
-169.523128
-168.741607
-167.224503
-168.201562
-170.820338
-170.440313
-168.536826
-171.054559
-171.415373
-169.742669
-168.897321
-170.691476
-169.536698
-169.610279
-170.103361
-169.179150
-170.297129
-170.795157
-170.791004
-170.647241
-169.943533
-171.192998
-171.450405
-170.238775
-170.728906
-171.412921
-170.548544
-171.381051
-170.694998
-170.901232
-170.734445
-171.358323
-170.724247
-171.673203
-169.508824
-169.869598
-170.960007
-170.322885
-170.181408
-169.821899
-172.408132
-168.357509
-170.286935
-169.244773
-170.012581
-168.608748
-170.059119
-169.943025
-169.693015
-170.235660
-169.344332
-169.346255
-168.895316
-169.641548
-169.176105
-169.257222
-169.628396
-168.407530
-169.789107
-170.328243
-170.622121
-169.394751
-168.634715
-171.192920
-168.744820
-169.312768
-169.434589
-169.298867
-168.203557
-167.929310
-168.395802
-168.578218
-167.361794
-168.459719
-167.923437
-167.881768
-169.158447
-168.061468
-167.895044
-169.814439
-168.035867
-168.811414
-168.694999
-168.096079
-169.705279
-168.847158
-169.405537
-170.091663
-170.253892
-170.359461
-170.253823
-170.475133
-169.561643
-169.101273
-170.462249
-169.679797
-170.300009
-170.084885
-170.396053
-170.619986
-170.087210
-170.924614
-170.468161
-170.428717
-169.457084
-167.928348
-169.494444
-167.204144
-167.605931
-169.212248
-167.785615
-169.063210
-168.408341
-169.003695
-168.063198
-169.721336
-171.431812
-170.623800
-171.433266
-172.570045
-173.188430
-173.694677
-173.359350
-173.417428
-172.060539
-172.919014
-173.147655
-172.372721
-172.649557
-173.210034
-173.482393
-173.192535
-174.480424
-173.377884
-175.134824
-173.080701
-173.672631
-173.693378
-172.425071
-173.165602
-173.555137
-173.988708
-173.976013
-173.332171
-173.320691
-173.244600
