0.000000
-7334.669464
-7569.158508
-7586.398132
-7500.121216
-7373.155029
-7625.722900
-7489.772400
-7901.196716
-7603.193085
-7628.244781
-7924.410309
-7842.459595
-7512.018219
-8104.173187
-7628.276428
-7485.127136
-7558.400421
-7518.415741
-7666.489380
-7443.853821
-7578.723969
-7947.929596
-7427.664795
-7441.768005
-7370.113983
-7666.339722
-7951.366638
-7442.166443
-7388.593445
-7396.584320
-8113.773193
-7392.291351
-7977.207489
-8184.592407
-7822.081451
-8041.292542
-7805.715057
-8052.928009
-7473.033905
-7690.071136
-7530.565186
-7770.757965
-7694.638397
-7400.065063
-7359.600647
-7293.355560
-7808.906555
-8049.201385
-7648.709595
-7564.018463
-7353.372955
-7309.965057
-7764.436798
-7564.445801
-7689.549225
-7325.776398
-7328.199554
-7334.439056
-7187.278473
-7255.392914
-7319.162079
-7203.956024
-7279.017853
-7361.071259
-7421.528320
-7278.779327
-7417.830109
-7606.270203
-7823.929443
-7911.322479
-8077.602203
-7963.827667
-7968.712250
-7456.094421
-7315.401672
-7406.903717
-7519.167603
-7597.526367
-7534.166626
-7360.658020
-7693.416901
-7478.403412
-8039.459625
-7949.645111
-7959.224548
-7666.176849
-7821.265228
-7861.169708
-7819.606842
-7814.803436
-7871.858368
-7793.813965
-7836.248810
-7968.980499
-7846.340729
-7789.078583
-7776.649414
-7794.904083
-7754.216461
-7841.800049
-7832.073792
-7784.960907
-7791.534210
-7830.631866
-7820.202667
-7801.678986
-7797.168915
-7811.019470
-7825.026398
-7434.664246
-7405.028534
-7398.856384
-7360.055817
-7383.818512
-7252.118652
-7378.322540
-7349.103912
-7373.383728
-7332.557617
-7363.936890
-7378.939056
-7262.875641
-7364.694794
-7353.453003
-7363.184082
-7367.541870
-7376.504150
-7309.206085
-7364.080353
-7352.130463
-7328.518982
-7426.276672
-7390.766663
-7277.243988
-7496.211578
-7619.247070
-7513.213501
-7383.298004
-7690.686615
-7587.536682
-7591.364105
-7492.211700
-7522.537811
-7539.822235
-7735.586090
-7592.897766
-7424.174713
-7393.802795
-7507.985168
-7361.758667
-7332.793793
-7769.256317
-7297.687225
-7638.130280
-7581.083588
-7543.533051
-7567.816895
-7507.342224
-7591.757721
-7557.524353
-7245.055328
-7613.219849
-7537.066895
-7316.136078
-7542.191711
-7297.153839
-7514.849670
-7391.729401
-7666.787689
-7450.577850
-7652.859283
-7469.202667
-7171.458588
-7576.779510
-7484.670685
-7382.821625
-7481.498047
-7554.639343
-7634.937317
-7747.906250
-7423.116974
-7928.575531
-7663.074951
-7578.099762
-7397.427368
-7848.497437
-7595.109802
-7638.773193
-7385.928314
-7568.239044
-7488.238312
-7743.737000
-7569.558594
-7542.638763
-7510.590729
-7773.089478
-7631.255371
-7412.237610
-7738.568512
-7568.947113
-7726.420349
-8065.164551
-7374.531586
-7607.002747
-7385.654846
-7583.310120
-7772.048065
-7780.137207
-7612.528717
-7736.326233
-7443.659668
-7490.994202
-7694.610046
-7467.085052
-7469.433136
-7414.707764
-7397.147949
-7420.428650
-7431.509613
-7441.474609
-7401.326721
-7503.739807
-7696.646027
-7684.799164
-7727.565857
-7494.403198
-7456.959290
-7384.202728
-7365.624603
-7380.859253
-7462.034027
-7408.058136
-7533.974304
-7569.680603
-7404.339233
-7456.172913
-7442.225677
-7613.080505
-7721.983521
-7709.491516
-7581.122406
-7512.995728
-7700.044373
-7697.830933
-7646.160889
-7738.473663
-7698.872284
-7696.133667
-7606.611664
-7601.127869
-7596.491028
-7612.645996
-7759.876099
-7810.064972
-7804.281006
-7696.265015
-7576.983612
-7554.022339
-7695.765503
-7561.346252
-7703.012604
-7697.585815
-7528.272278
-7696.670074
-7569.794434
-7794.874542
-7731.097504
-7732.339752
-7798.641541
-7790.445923
-7792.636078
-7800.306274
-7772.951477
-7829.553833
-7662.316345
-7510.247711
-7606.269226
-7782.115509
-7703.358429
-7764.889069
-7736.424866
-7625.673004
-7695.759094
-7755.212158
-7759.795593
-7677.485077
-7701.198425
-7751.680084
-7421.797455
-7619.965271
-7466.164307
-7323.309113
-7455.469971
-7682.448944
-7432.145782
-7344.624756
-7314.849915
-7501.720032
-7461.449097
-7642.146667
-7253.917450
-7358.628113
-7515.700012
-7592.228790
-7394.528046
-7329.204987
-7628.513336
-7333.803345
-7354.434174
-7339.351196
-7324.298767
-7304.671051
-7256.480103
-7338.312408
-7376.831085
-7250.033630
-7257.511871
-7335.438293
-7413.045441
-7610.555969
-7424.106720
-7303.127075
-7453.594543
-7387.831573
-7365.379547
-7636.191864
-7396.895752
-7400.539612
-7513.798981
-7474.213837
-7357.648376
-7411.223938
-7397.111145
-7483.346680
-7343.175476
-7375.913147
-7554.617676
-7338.009399
-7345.885345
-7388.645935
-7383.241333
-7605.112091
-7354.529449
-7470.589294
-7361.595551
-7428.542175
-7348.787140
-7421.557312
-7391.879822
-7364.956726
-7464.118652
-7362.359528
-7398.943359
-7476.255249
-7375.164948
-7562.243774
-7584.566223
-7386.953247
-7333.691132
-7539.842529
-7551.937866
-7386.616455
-7365.106964
-7371.855682
-7349.744934
-7539.501099
-7346.276428
-7555.393951
-7440.466278
-7390.986389
-7443.839447
-7482.640869
-7416.226654
-7428.143250
-7495.121094
-7449.885223
-7479.646057
-7403.224854
-7369.323151
-7369.477600
-7368.479218
-7377.700287
-7583.691559
-7449.835205
-7441.551270
-7666.249542
-7505.590363
-7364.111420
-7433.722839
-7377.345215
-7434.994415
-7421.960144
-7619.634094
-7606.256195
-7502.175262
-7564.761780
-7439.883606
-7550.578156
-7404.425476
-7463.897705
-7618.727234
-7451.185547
-7544.962067
-7363.543182
-7431.658875
-7377.179260
-7308.980774
-7316.632080
-7353.134521
-7408.560486
-7343.216827
-7373.979401
-7382.601166
-7330.374634
-7242.928070
-7277.800781
-7350.843506
-7308.509949
-7340.589752
-7295.080963
-7280.467255
-7170.220764
-7337.116455
-7291.477753
-7371.011871
-7308.726074
-7311.561493
-7463.708466
-7254.589752
-7304.827209
-7303.060791
-7198.660309
-7284.375946
-7408.109375
-7331.136475
-7273.888977
-7282.053650
-7312.085510
-7375.710663
-7362.587372
-7311.699890
-7353.004547
-7346.956329
-7346.120422
-7361.925018
-7355.145111
-7331.943512
-7348.516846
-7339.767578
-7351.002899
-7356.193573
-7329.931000
-7334.560333
-7356.183319
-7353.030762
-7309.032410
-7355.883698
-7346.266174
-7361.061005
-7356.683807
-7348.100037
-7359.191254
-7337.852997
-7358.080200
-7379.112213
-7346.551880
-7337.724915
-7352.237274
-7340.225708
-7423.997192
-7325.088165
-7454.195068
-7284.580078
-7349.338654
-7509.032318
-7581.205109
-7337.393219
-7439.458618
-7401.328552
-7289.122498
-7329.043854
-7446.739502
-7389.925415
-7496.777100
-7691.756714
-7300.673737
-7523.254822
-7217.094666
-7354.108582
-7206.330231
-7398.417542
-7492.640228
-7406.714050
-7245.278229
-7233.787048
-7317.097534
-7362.628204
-7316.849335
-7439.017090
-7336.907837
-7304.159851
