0.000000
-160.563584
-162.655014
-161.953857
-162.573457
-162.838903
-162.239045
-160.817814
-160.706845
-161.636232
-161.335027
-161.555515
-161.805686
-160.866003
-159.268396
-159.966262
-159.748621
-161.143038
-161.045197
-161.553685
-160.724856
-161.132745
-161.278619
-160.072912
-163.948625
-161.048138
-161.747980
-160.979661
-160.471118
-160.470999
-160.906727
-161.028370
-161.540865
-160.584237
-160.655355
-161.197134
-161.003377
-160.513124
-160.869591
-162.213720
-160.103663
-161.256437
-160.067322
-161.093099
-160.579394
-160.726143
-161.381139
-160.651163
-160.511089
-160.948542
-160.043933
-160.585831
-160.184957
-161.159535
-160.436756
-160.415763
-159.944016
-160.342073
-160.469690
-161.360065
-160.263429
-160.676036
-160.482984
-160.229904
-159.687165
-160.305270
-159.956587
-160.283454
-161.257942
-160.408292
-160.328773
-161.780845
-160.617176
-160.596058
-160.938913
-160.092659
-160.167412
-161.309972
-160.935757
-160.637542
-158.796989
-160.212023
-160.033623
-160.872133
-159.910339
-159.373068
-159.757989
-161.398596
-160.788905
-160.374195
-159.584017
-159.843207
-160.290942
-160.505475
-161.248508
-163.123467
-162.639666
-161.870942
-161.786404
-161.508206
-161.779784
-161.151457
-161.004630
-160.274001
-160.161134
-160.956542
-162.399656
-160.112779
-160.128533
-162.301528
-161.894703
-159.714929
-162.192027
-162.034676
-162.154885
-161.658877
-162.793437
-161.374854
-161.250325
-162.188845
-160.924962
-160.519043
-160.309461
-161.110951
-159.786580
-161.269683
-160.587561
-159.224998
-159.632636
-160.177855
-160.429676
-159.871584
-159.732196
-159.097718
-158.370225
-159.796177
-160.540775
-160.913822
-160.498511
-160.041561
-161.028726
-161.099815
-160.592225
-160.677745
-160.761733
-160.080271
-160.318499
-160.854544
-160.276216
-160.062668
-160.946866
-160.323796
-160.328422
-160.304311
-160.124474
-160.369041
-160.864364
-160.642358
-160.875479
-160.354753
-160.643247
-160.677660
-159.875088
-160.132947
-160.293698
-160.917697
-160.242497
-160.794656
-160.174006
-160.540562
-160.987951
-161.305168
-160.490795
-160.756813
-161.524954
-160.055397
-160.332739
-159.917778
-160.287118
-160.195576
-160.175963
-160.736735
-160.426361
-160.154537
-160.554378
-160.910445
-160.943161
-161.460985
-160.702727
-160.838221
-161.468060
-160.767418
-160.473168
-160.576966
-160.493490
-160.397280
-160.444781
-161.123835
-160.762999
-161.400600
-160.546194
-160.736861
-162.130306
-160.631553
-160.825698
-160.759018
-160.651996
-161.158616
-160.468265
-160.372333
-160.675461
-161.013214
-160.684582
-160.355659
-160.462853
-161.457102
-161.084694
-160.345607
-160.485776
-160.486759
-160.590804
-160.590064
-161.066098
-160.501862
-160.118080
-160.596232
-160.338480
-159.917421
-160.895206
-161.191313
-161.073323
-159.982828
-159.527247
-161.074864
-159.608898
-160.431877
-160.746721
-159.698441
-160.273546
-160.079931
-160.680010
-160.434081
-160.322946
-160.290488
-160.337351
-160.903867
-160.392710
-160.139578
-160.084806
-160.075810
-161.020049
-160.162433
-160.371337
-160.330907
-160.189086
-160.200002
-160.459772
-160.851149
-160.513530
-160.657204
-160.248701
-160.080725
-160.237986
-160.191318
-160.215129
-159.781066
-160.079433
-160.273855
-160.338012
-159.780302
-160.222559
-160.359371
-160.683948
-160.888644
-160.457248
-160.938632
-160.463627
-160.493900
-160.781809
-160.176626
-160.215398
-160.125542
-160.343267
-160.919100
-159.782778
-160.025100
-160.303957
-160.392120
-160.471928
-160.230163
-160.317302
-160.364531
-160.177966
-160.254465
-160.139818
-160.265940
-160.603120
-160.140909
-160.187131
-160.359021
-160.716508
-159.931655
-159.484128
-160.015535
-159.935716
-159.858094
-160.027313
-160.246434
-160.149740
-160.439898
-160.332167
-160.145242
-160.344637
-159.960177
-160.516185
-160.844924
-160.158931
-165.992792
-160.589639
-160.331107
-160.038508
-161.247886
-159.958640
-160.653459
-160.451226
-160.748659
-160.276012
-160.920417
-160.661761
-161.727560
-160.732118
-161.235196
-160.434686
-160.738509
-160.564516
-160.411568
-160.584618
-160.810490
-160.986089
-160.632951
-160.940339
-159.952794
-160.735673
-161.331625
-160.368122
-160.536540
-161.124341
-160.708907
-161.323273
-161.253454
-161.144448
-161.668370
-160.755829
-159.982559
-161.512601
-161.426852
-160.484220
-161.054669
-161.206494
-159.757049
-161.191120
-160.975294
-160.868247
-160.863644
-160.552724
-160.924650
-160.555938
-161.471275
-160.753564
-160.474983
-160.826827
-160.695864
-161.365663
-161.357965
-161.154955
-160.417014
-160.747834
-160.279614
-160.800334
-160.340078
-160.742283
-160.760911
-160.586048
-160.541751
-160.850233
-159.922997
-160.541721
-160.076411
-160.157277
-160.220728
-160.270436
-159.576406
-161.371601
-160.524411
-160.550491
-161.249570
-160.395637
-161.297539
-160.636020
-160.360185
-160.355415
-160.738306
-160.514628
-160.069426
-160.731947
-159.519193
-160.346614
-160.351773
-160.331487
-160.194632
-160.088830
-160.271055
-160.324424
-160.178917
-159.502847
-160.015883
-160.364316
-160.091086
-159.983704
-160.022118
-160.378988
-160.214732
-160.405987
-159.960496
-160.165053
-160.540372
-160.281074
-160.324443
-160.422412
-160.248526
-159.780142
-160.250571
-160.300603
-160.376706
-160.087461
-160.697158
-159.626341
-160.388354
-160.912235
-160.618297
-160.505685
-160.515923
-160.579464
-160.332965
-160.217927
-160.667025
-161.523796
-161.605870
-160.800362
-162.639402
-160.888294
-160.557997
-161.412980
-163.915176
-162.742757
-161.465919
-163.140400
-161.611963
-161.805866
-162.494622
-162.496775
-162.308655
-162.261250
-161.851740
-162.654442
-162.348080
-162.375977
-162.497932
-161.368601
-159.962359
-160.743882
-160.049832
-160.660767
-160.369581
-161.852135
-160.022475
-159.772897
-161.289857
-160.349990
-160.829752
-160.931339
-161.708225
-163.646871
-162.164646
-160.590226
-162.050720
-162.162503
-161.074699
-160.870737
-162.291434
-160.962150
-160.401002
-161.211817
-162.188044
-161.003057
-161.497165
-160.862043
-160.313178
-161.131726
-160.610072
-160.772761
-160.703371
