0.000000
-8580.813049
-8581.081116
-8294.305817
-8014.418427
-7953.437988
-8367.178741
-8490.487213
-8484.439819
-8617.024933
-8494.823792
-8410.888092
-8494.723877
-8430.372314
-8669.547852
-8619.938599
-8443.094513
-8305.041595
-8516.810486
-8267.374420
-8309.960754
-8146.307922
-8275.159302
-8474.521118
-8480.401367
-8473.339630
-8508.059998
-8485.933899
-8473.063751
-8466.743286
-8487.024078
-8506.805603
-8480.303925
-8503.190704
-8487.504852
-8463.407440
-8526.321533
-8470.161285
-8478.213806
-8476.160004
-8460.014618
-8494.120056
-8501.291962
-8507.244781
-8518.166382
-8481.895111
-8519.927521
-8499.768097
-8492.573547
-8499.177582
-8501.051575
-8515.624817
-8523.359161
-8509.251190
-8512.927673
-8487.567047
-8480.984131
-8501.721344
-8508.741791
-8480.732117
-8519.980530
-8483.221954
-8489.641022
-8499.388428
-8506.236237
-8481.434265
-8519.636383
-8490.706940
-8471.043060
-8444.895966
-8486.598541
-8473.928009
-8376.109100
-8443.692352
-8321.814911
-8470.485077
-8436.621887
-8454.887756
-8424.226990
-8560.243500
-8488.276215
-8477.985657
-8255.874115
-8342.242004
-8508.698914
-8471.130371
-8425.175903
-8331.076019
-8303.135284
-8398.349548
-8505.340027
-8492.387878
-8519.816986
-8515.816376
-8502.762543
-8488.124939
-8514.484833
-8477.544067
-8494.951843
-8520.852722
-8507.149200
-8494.501221
-8480.747406
-8530.059845
-8513.316772
-8485.566864
-8508.934723
-8508.285492
-8513.823975
-8468.228943
-8473.464233
-8472.458496
-8473.013153
-8468.135223
-8440.480469
-8467.667267
-8456.798126
-8468.066895
-8468.879364
-8443.063568
-8442.160858
-8408.787628
-8429.610321
-8432.584503
-8448.123962
-8438.130737
-8447.601593
-8429.513611
-8427.739044
-8320.717712
-8456.178223
-8406.949554
-8465.328552
-8454.473602
-8381.467224
-8418.379852
-8427.685242
-8463.705200
-8450.263092
-8457.587006
-8506.206421
-8320.395508
-8386.550415
-8391.014587
-8357.244781
-8455.137756
-8477.680786
-8446.699524
-8445.647186
-8458.656738
-8443.774963
-8291.348358
-8455.623444
-8455.441620
-8463.275543
-8444.315521
-8433.965424
-8411.472656
-8330.068909
-8387.918549
-8373.817871
-8425.345978
-8348.827606
-8473.022339
-8372.661041
-8480.690338
-8313.239868
-8400.049774
-8380.711761
-8428.068604
-8442.050354
-8469.802429
-8475.397156
-8485.178162
-8497.634857
-8463.507996
-8433.571716
-8448.748322
-8472.137939
-8498.919983
-8455.107635
-8496.847778
-8474.080383
-8409.712036
-8476.002197
-8452.652374
-8451.400330
-8489.169434
-8339.063049
-8434.529388
-8479.095886
-8435.658234
-8440.967865
-8347.295135
-8296.774628
-8314.301514
-8438.497284
-8412.214630
-8418.066467
-8432.752441
-8425.004517
-8355.904266
-8415.084839
-8423.400238
-8489.660980
-8460.108948
-8458.607574
-8478.327240
-8563.192780
-8462.178497
-8473.616241
-8476.482880
-8466.023834
-8474.628693
-8476.070129
-8477.194794
-8480.279236
-8477.902954
-8474.025391
-8467.787720
-8475.824188
-8464.201599
-8469.236237
-8469.395081
-8478.046661
-8474.519592
-8467.621338
-8474.668396
-8475.618652
-8472.905853
-8470.763489
-8499.293365
-8472.679016
-8470.598267
-8473.590210
-8478.358398
-8473.621155
-8473.284790
-8475.825775
-8478.282959
-8475.210999
-8502.874878
-8474.990631
-8505.915802
-8470.690186
-8471.796967
-8461.581604
-8470.305084
-8475.263306
-8464.661652
-8473.480865
-8476.975128
-8467.498138
-8466.828766
-8454.632050
-8478.110382
-8469.902405
-8465.127472
-8462.127411
-8468.164703
-8471.295258
-8475.219269
-8512.043671
-8480.579834
-8469.188995
-8477.588531
-8472.732666
-8472.817169
-8472.525696
-8469.980865
-8474.815002
-8462.889496
-8474.534180
-8469.002472
-8467.161743
-8465.758209
-8457.516571
-8462.083313
-8469.319641
-8465.859558
-8472.559845
-8472.407898
-8472.867188
-8464.164642
-8473.158813
-8471.054108
-8465.182983
-8459.947693
-8479.886597
-8472.266357
-8463.739777
-8475.132660
-8465.642365
-8467.343414
-8477.309418
-8480.222351
-8469.048737
-8474.153992
-8466.860626
-8466.975128
-8471.300964
-8476.445007
-8474.059052
-8471.328918
-8479.938568
-8478.111694
-8467.207489
-8492.173065
-8465.459808
-8469.313721
-8476.806976
-8466.623810
-8466.078644
-8458.228149
-8474.244781
-8474.793884
-8498.012482
-8462.074768
-8461.635986
-8459.166626
-8463.687561
-8466.319244
-8453.520325
-8474.830383
-8467.916473
-8478.458557
-8469.748169
-8473.170532
-8472.745148
-8464.530121
-8468.315308
-8470.934113
-8473.797913
-8456.129120
-8476.857544
-8455.735962
-8469.050079
-8470.986938
-8466.496429
-8477.180634
-8466.812378
-8470.864349
-8474.491058
-8467.988434
-8478.113831
-8467.144684
-8468.140198
-8467.130280
-8465.419647
-8466.563141
-8462.258118
-8459.781494
-8469.832397
-8467.205780
-8469.741180
-8453.495483
-8479.033295
-8451.900543
-8463.544342
-8382.271210
-8432.536316
-8442.510712
-8441.136169
-8472.602661
-8462.243622
-8425.701752
-8485.226593
-8441.165283
-8495.571991
-8467.990906
-8370.900116
-8417.548950
-8405.217163
-8401.818115
-8267.183411
-8477.250092
-8234.197723
-8493.774872
-8274.004456
-8482.451263
-8122.017334
-8041.399445
-8551.318604
-8566.613220
-8553.031616
-8515.060547
-8535.317261
-8519.023712
-8538.839844
-8539.008820
-8514.628754
-8517.617401
-8503.233215
-8497.738129
-8559.533478
-8532.052216
-8554.338531
-8577.257568
-8538.941345
-8763.610962
-8786.935181
-8765.708008
-8573.381744
-8581.718872
-8609.565857
-8725.045654
-8575.359711
-8613.592712
-8651.184937
-8585.978180
-8617.653076
-8743.161499
-8566.143951
-8771.382599
-8730.657257
-8580.269196
-8587.884796
-8579.189697
-8596.240417
-8616.897766
-8641.754944
-8614.728149
-8570.798615
-8615.599304
-8592.007263
-8625.049988
-8602.567810
-8563.738434
-8630.479401
-8569.839539
-8640.066315
-8602.439087
-8737.436829
-8619.978516
-8638.938416
-8604.967255
-8625.269623
-8595.139343
-8632.603058
-8607.135681
-8605.835785
-8615.571045
-8579.317444
-8574.575775
-8554.706848
-8579.154572
-8548.118500
-8573.445496
-8543.356232
-8597.565094
-8553.645508
-8536.412598
-8716.036377
-8820.406403
-8709.271179
-8804.558105
-8744.246399
-8584.388672
-8543.610718
-8766.918945
-8733.256714
-8786.553802
-8732.398621
-8702.524109
-8805.062134
-8803.326965
-8566.436981
-8746.868805
-8755.357178
-8749.342682
-8764.904572
-8758.429352
-8787.929016
-8813.451630
-8833.706757
-8845.577728
-8784.286957
-8750.373810
-8701.474670
-8697.869202
-8734.338898
-8702.472656
-8759.559265
-8591.333588
-8813.726196
-7981.240112
-7766.811127
-8460.234039
-8292.826050
-8121.170135
-8341.430817
-7864.943878
-7949.485504
-7936.877502
-7871.635101
-7957.852570
-7925.003876
-7919.638489
-7943.057465
-7908.240204
-7917.491852
-7958.334900
-7928.147491
-7897.916199
-7863.862122
-8901.259979
-8135.121521
-7844.191772
-8529.451874
-7913.346680
-8230.769257
-7957.445282
-8879.231140
-8235.941376
-8108.714874
-8217.076447
-8477.834076
-8527.202850
-8764.177765
-8663.809418
-8601.681122
-8746.277283
-8598.267761
-8755.357666
-8591.953918
-8561.884521
-8599.233063
-8597.441406
-8787.475464
-8577.036621
-8542.357025
-8583.780426
-8568.729828
-8570.880280
-8657.237152
-8569.303436
-8544.275696
-8501.755463
-8513.357178
-8525.022461
-8491.873779
-8501.880981
-8497.455627
-8497.508026
-8539.737518
-8643.590881
-8238.067657
-8515.389404
-8484.597412
-8428.930023
-8440.036682
-8470.213745
-8403.630249
-8543.668243
-8441.400909
-8491.383057
-8471.971130
-8359.812836
-8466.944336
-8434.891266
-8485.660858
-8330.289337
-8487.127014
-8470.505890
-8488.979858
-8488.468292
-8461.034760
-8502.769348
-8443.762115
-8471.769989
-8504.950623
-8442.296082
-8474.974457
-8509.812195
-8504.836090
-8476.316986
-8489.117401
-8478.898895
-8464.312439
-8462.024750
-8493.192993
-8495.555573
-8454.183105
-8463.266144
-8431.399445
-8477.354553
-8466.942444
-8462.714142
-8482.660889
-8473.898499
-8410.048004
-8441.082428
-8511.545868
-8445.072540
-8457.009918
-8461.565674
-8437.977295
-8442.927765
-8481.392090
-8460.828796
-8436.647644
-8463.899933
-8380.314636
-8476.121582
-8505.716919
-8507.447418
-8515.022980
-8515.487946
-8490.532959
-8460.410065
-8492.908173
-8442.152618
-8520.949005
-8522.860748
-8486.359741
-8526.622925
-8496.489960
-8481.563538
-8507.845520
-8486.025177
-8521.538452
-8483.869476
-8516.948578
-8503.130646
-8500.709381
-8521.795563
-8493.280121
-8467.866425
-8481.378662
-8519.043182
-8498.301880
-8482.746857
-8476.530182
-8490.768066
-8474.956024
-8494.778076
-8495.548401
-8497.821747
-8494.125214
-8473.390503
-8468.849823
-8437.047302
-8478.415802
-8475.148071
-8477.438477
-8468.451019
-8419.013885
-8490.316498
-8466.167267
-8455.772888
-8434.703339
-8477.557648
-8415.898407
-8513.791443
-8444.120605
-8460.628510
-8471.633423
-8469.392059
-8467.191376
-8461.125854
-8483.335999
-8470.813019
-8439.171173
-8387.446198
-8454.688202
-8463.614868
-8462.859924
-8395.449646
-8346.654968
-8474.801788
-8479.536438
-8441.745575
-8473.488403
-8340.249573
-8447.489716
-8307.922943
-8428.541992
-8482.983795
-8414.267639
-8396.398010
-8487.329102
-8403.559387
-8473.263306
-8503.424103
-8483.102325
-8470.322113
-8477.258118
-8454.896118
-8515.270691
-8457.411835
-8484.190979
-8480.263947
-8473.614441
-8462.120941
-8410.659454
-8375.886292
-8437.476685
-8467.588257
-8448.880707
-8452.674591
-8435.615570
-8422.784088
-8461.113403
-8407.754883
-8426.480133
-8467.563690
-8428.997070
-8469.755646
-8522.721527
-8516.118347
-9378.985046
-8524.104736
-8276.446198
-8491.424652
-8550.089935
-8460.393005
-8463.524902
-8496.317444
-8508.011902
-8568.270691
-8367.222321
-8324.852661
-8525.326569
-8569.936920
-8506.197937
-8494.897217
-8587.366821
-8531.059601
-8517.982758
-8515.208008
-8589.491547
-8514.558197
-8505.809204
-8520.144653
-8527.950745
-8515.456421
-8505.623230
-8570.908752
-8490.390137
-8478.430054
-8374.225311
-8631.134033
-8494.216278
-8575.121857
-8470.203705
-8510.326141
-8485.840942
-8439.252136
-8566.170105
-8459.514496
-8550.250061
-8410.351440
-8542.126373
-8567.813477
-8543.262054
-8568.286774
-8508.134796
-8328.876740
-8554.038605
-8527.089142
-8567.641388
-8507.768921
-8499.841766
-8502.944916
-8538.403259
-8500.856964
-8486.295563
-8518.347961
-8487.700836
-8199.962738
-8495.657898
-8474.459106
-8412.738556
-8464.404907
-8382.195068
-8535.493713
-8411.644470
-8216.604492
-8439.791321
-8475.054535
-8409.786255
-8266.167999
-8469.102173
-8299.484863
-8341.580139
-8384.565948
-8394.703278
-8526.765991
-8531.666748
-8322.450500
-8528.503845
-8455.139374
-8470.365784
-8537.434479
-8422.538879
-8473.232758
-8432.538635
-8352.228821
-8470.691772
-8475.758453
-8344.982391
-8478.572968
-8387.004425
-8456.089905
-8427.282471
-8446.070557
-8450.568756
-8457.530304
-8432.915558
-8487.953979
-8386.031128
-8448.861694
-8447.721466
-8336.712463
-8481.046478
-8479.548126
-8348.535919
-8470.428497
-8471.360291
-8440.162872
-8436.584778
-8487.460846
-8471.865631
-8549.129669
-8463.806549
-8437.644867
-8432.797852
-8417.016998
-8462.000916
-8358.326477
-8486.360809
-8403.897034
-8321.462585
-8465.631226
-8361.451263
-8504.037048
-8453.478943
-8444.394318
-8384.858368
-8363.039581
-8533.210358
-8435.317566
-8380.247589
-8437.640686
-8419.679535
-8391.102905
-8429.674011
-8401.313660
-8410.337372
-8448.849091
-8343.439850
-8461.368927
-8402.048737
-8419.669128
-8364.039764
-8451.012299
-8358.350677
-8458.104797
-8425.879028
-8459.730255
-8414.901947
-8414.753357
-8424.466797
-8373.855682
-8577.815765
-8416.650208
-8590.911285
-8495.111359
-8570.487427
-8803.020355
-8527.831207
-8585.706909
-8521.127991
-8478.068420
-9025.652649
-8762.079651
-9077.194092
-9042.279572
-9046.682739
-8673.482544
-8588.900818
-9092.319733
-9123.170868
-9159.347656
-8774.835297
-8970.201782
-8531.115936
-9154.107635
-9162.899048
-8770.813660
-8448.794220
-8448.205536
-9234.342072
-8550.429230
-8956.105103
-8828.368378
-9069.821014
-9062.780884
-8925.499725
-9077.548401
-8564.018402
-8886.492035
-9139.676971
-8406.325043
-8496.320251
-8949.602570
-8611.385040
-8757.833832
-8849.837158
-8614.700500
-8949.918091
-8576.728821
-9104.945648
-8775.604614
-9081.090179
-8227.123993
-8880.354614
