0.000000
-8483.921600
-8475.109741
-8543.844330
-8546.778900
-8557.508301
-8470.009003
-8501.470490
-8461.486481
-8418.781738
-8520.572296
-8676.255798
-8424.039032
-8365.846252
-8452.450409
-8445.654724
-8210.514221
-8120.909882
-8330.165497
-9064.098633
-8544.556519
-8061.254028
-8278.164490
-8486.723755
-9241.319702
-9280.361755
-8924.398773
-8468.128082
-8475.809845
-8621.852295
-7628.605225
-8044.113983
-8536.551788
-8170.311798
-7734.432922
-7651.844299
-7706.020447
-8608.517120
-9063.070343
-7818.034821
-8487.136505
-9217.284637
-9231.735992
-9216.699097
-9256.221558
-9268.839386
-9241.327789
-9241.129944
-9245.480469
-9207.602600
-9216.956177
-9224.889984
-9277.845398
-9275.708160
-9253.570374
-9266.352234
-9268.026337
-9252.655334
-9126.293335
-7850.743011
-9264.243866
-9257.830353
-9244.620239
-8997.106445
-9051.235413
-8934.636932
-8373.375519
-8530.887177
-8934.450104
-9188.096832
-8772.899353
-8690.476379
-8669.306641
-8560.102112
-8692.349640
-8554.028625
-8304.981110
-8443.117889
-8471.949097
-8468.550232
-8512.339722
-8507.554352
-8658.251984
-8519.284943
-8514.388306
-8501.940125
-8479.013275
-8486.649170
-8488.987427
-8494.739746
-8521.530579
-8483.248535
-8506.605927
-8485.263428
-8500.702301
-8583.591278
-8558.777649
-8532.675476
-8541.623474
-8490.188629
-8504.897156
-8508.037476
-8553.868622
-8492.435425
-8329.123047
-8355.798431
-8538.744598
-8521.292816
-8512.094238
-8678.538330
-8548.804779
-8560.687317
-8702.142853
-8443.132080
-8674.799133
-9021.412537
-9075.478882
-9351.311615
-8394.065521
-9291.362213
-9336.129395
-9247.030334
-8099.121155
-7989.306793
-8543.621185
-8508.567108
-8504.657745
-8506.785004
-8491.114655
-8510.560028
-8495.826324
-8487.849854
-8500.869263
-8494.833862
-8498.905579
-8500.322235
-8492.334686
-8504.939606
-8508.970459
-8514.845032
-8510.972290
-8509.446899
-8578.064117
-8704.334412
-8707.683594
-8635.546204
-8606.954285
-8718.876221
-8540.891541
-8140.044037
-8518.319397
-8369.934998
-8575.678894
-8548.343719
-8649.039276
-8670.491333
-8684.536407
-8682.436707
-8603.698944
-8499.876801
-8470.397247
-8499.466553
-8448.600189
-8486.649658
-8519.514038
-8542.012787
-8492.037506
-8503.408081
-8530.343384
-8523.364380
-8508.815033
-8922.927307
-8524.667694
-8539.811737
-8534.825836
-8541.216827
-8553.333893
-8572.364075
-8483.937592
-8505.345856
-8524.640625
-8496.624542
-8492.070190
-8546.399811
-8455.007904
-8488.178314
-8431.920654
-8548.167969
-8469.951996
-8545.858459
-8808.011292
-8559.254700
-8507.045135
-8505.918823
-8502.008270
-8509.503387
-8523.375519
-8533.891754
-8544.371216
-8509.583923
-8519.471375
-8539.057678
-8497.869751
-8485.324371
-8482.103363
-8554.562683
-8519.705811
-8547.275177
-8546.828156
-8541.696075
-8492.222137
-8507.708557
-8505.368134
-8533.086670
-8533.766083
-8527.416473
-8526.492676
-8514.561951
-8510.727844
-8510.427795
-8510.703857
-8495.276306
-8506.467529
-8510.392059
-8539.319000
-7888.458221
-8504.531067
-8515.276459
-8504.436523
-8496.595398
-8493.084503
-8485.168854
-8498.132629
-8492.491058
-8494.753265
-8522.480194
-8524.430237
-8522.891602
-8496.664948
-8497.320831
-8526.115112
-8520.666962
-8569.507874
-8517.500946
-8519.528473
-8491.330933
-8491.023895
-8484.750214
-8533.281403
-8443.839020
-8594.406036
-8694.808044
-7896.391785
-8535.888306
-8492.312225
-8488.981201
-8503.456329
-8487.585754
-8476.629639
-8488.149078
-8509.695221
-8525.857788
-8518.446350
