0.000000
-20025.482727
-20366.200867
-20730.443420
-20622.373596
-20051.142578
-21100.548462
-20581.762207
-21074.868225
-20995.724487
-21725.023438
-21015.870972
-19660.982056
-19773.506042
-19850.567505
-19810.167114
-19944.067627
-19909.690063
-19964.214661
-19948.284302
-19909.503113
-19900.839783
-19804.795593
-19912.124451
-19872.952148
-19876.628540
-19876.854065
-19751.736084
-19897.774719
-19903.605530
-19951.919922
-19913.637939
-19918.287354
-19789.375366
-19768.789978
-19799.088440
-19766.083740
-19739.302246
-19804.020691
-19739.587036
-19707.141724
-19776.398987
-19898.801758
-19895.087036
-19901.934570
-19909.735962
-19817.141663
-19750.747009
-19912.110657
-19886.063660
-19645.367249
-19888.350891
-19876.578125
-19772.073853
-19633.268433
-19885.393433
-19738.633972
-19709.824829
-19918.236145
-19844.922485
-19867.746521
-19921.810242
-19745.452637
-19903.891602
-19945.054199
-19939.158386
-19878.984497
-19917.220032
-19888.791077
-19879.035645
-19901.750488
-19897.944031
-19910.158752
-19856.533630
-19913.646606
-19912.432922
-19886.926819
-19897.913208
-19895.417908
-19893.944946
-19908.867249
-19901.003601
-19906.369690
-19921.790466
-19903.344360
-19916.745667
-19894.750671
-19883.901917
-19885.328796
-19900.841309
-19920.356445
-19867.949280
-19903.788940
-19741.155090
-19893.843750
-19909.947388
-19854.362183
-19898.688110
-19636.197327
-19862.680908
-19944.023560
-19921.788147
-19915.300598
-19895.181458
-19891.506653
-19929.907227
-19892.969971
-19906.748047
-19868.557617
-19899.744263
-19892.232422
-19904.284241
-19904.085754
-19919.046997
-19897.854126
-19889.334839
-19870.744019
-19913.503906
-19909.458923
-19904.825562
-19899.204224
-19870.613037
-19934.405762
-19934.587158
-19832.663330
-19901.089600
-19919.461670
-19898.176208
-19869.696716
-19871.802185
-19942.588074
-20008.925598
-19994.601562
