0.000000
-7131.794403
-7063.297455
-7062.600098
-7364.155853
-7111.025787
-7126.485748
-7109.112701
-6799.539856
-7082.719635
-7115.104431
-7100.534912
-6919.343750
-6683.333008
-6833.292450
-6846.134766
-6866.927246
-6942.558319
-6859.730377
-7148.079468
-6920.669830
-6949.035980
-6933.476593
-6883.945953
-6880.017731
-7269.589325
-6885.705933
-7216.377838
-7163.705719
-7116.088074
-7124.590637
-7127.529480
-7135.582886
-7134.068207
-7185.305145
-7114.441528
-7145.879089
-7108.119476
-7112.360413
-7112.780243
-7103.670166
-7112.585663
-7106.033173
-7107.611237
-7109.439941
-7167.171417
-7201.998932
-7382.900787
-7247.940094
-7121.353424
-7413.618622
-7187.919556
-7151.471558
-7219.120453
-7256.172058
-7164.413849
-7194.954437
-7136.358795
-7204.775787
-7557.322723
-7119.520416
-7118.790436
-7186.740906
-7191.169067
-7155.387848
-7261.613617
-7173.117218
-7141.686584
-7226.810059
-7150.293732
-7160.238953
-7179.287476
-7199.811005
-7129.665192
-7128.205811
-7137.455414
-7118.123352
-7168.311127
-7170.885529
-7119.349884
-7137.670166
-7130.109039
-7156.282349
-7137.300659
-7118.923279
-7159.033112
-7131.803680
-7145.579498
-7147.949005
-7148.967346
-7115.192627
-7141.430359
-7150.203491
-7190.498352
-7172.184418
-7305.830597
-7273.041382
-7238.610992
-6890.360992
-6776.875366
-6927.562897
-6943.468475
-6899.493317
-7077.186127
-7009.546051
-6884.543427
-7208.392273
-7149.434784
-7154.351501
-7081.144989
-7318.581757
-7205.930115
-7261.551605
-7169.675323
-6835.804199
-6891.644928
-6810.964508
-6890.200226
-6913.511383
-6852.143555
-6887.442322
-6889.014526
-6894.729004
-6890.593445
-6879.573608
-6801.683197
-6872.650726
-6838.437592
-6828.484314
-7247.948730
-6877.782776
-6981.403290
-6888.503265
-6894.388947
-6970.444000
-6889.727844
-6805.539337
-6842.863678
-6704.247192
-6849.026184
-6863.635437
-6840.269592
-6897.194031
-7246.640076
-7073.388733
-6874.683411
-7064.755188
-6944.807373
-7127.782379
-6980.478485
-7127.561157
-6716.726227
-7136.925293
-7102.831879
-7171.021942
-7106.685547
-7119.466949
-7115.179199
-7102.628265
-7104.934082
-7121.962067
-7029.941101
-7101.419525
-7098.653564
-7089.803741
-7151.469116
-6933.912598
-7117.267517
-7066.854828
-7091.719269
-6833.406403
-7147.249786
-7115.941254
-7031.551666
-7191.690704
-6961.563812
-6973.704956
-7025.524750
-7149.697723
-6802.751160
-6792.104095
-7181.512573
-6984.509033
-6964.153015
-7058.398590
-7050.626312
-6993.479126
-7048.116455
-7158.405762
-6922.473145
-6991.671387
-6841.884277
-7063.540009
-7061.677216
-7007.175232
-7146.973724
-6810.243500
-6915.115875
-6953.043213
-6881.149719
-7107.321625
-7078.573547
-7060.750458
-7117.621216
-7144.069946
-6991.310120
-7101.962524
-7104.724548
-7024.456268
-7084.319153
-7116.085449
-7071.102936
-7121.243652
-7147.763214
-7079.602020
-7138.670288
-7094.269745
-7100.752625
-7028.666321
-7223.214661
-7205.452240
-7150.535645
-7150.212677
-7264.000275
-7196.993805
-7110.397614
-6968.395508
-7150.392181
-7003.915466
-7179.490570
-6992.715179
-7132.414124
-7269.256744
-7255.118042
-7261.991730
-7037.622253
-7101.736176
-7093.533569
-7025.600006
-7082.185394
-7078.348358
-7091.131561
-7092.828918
-7653.103638
-7067.030823
-7088.446899
-7214.759338
-7196.751587
-7218.272003
-7173.091919
-7163.861481
-7096.567841
-7216.939392
-7201.196686
-6995.749695
-6989.689392
-7083.477997
-7064.037323
