0.000000
-181.200487
-182.465879
-180.205406
-181.859714
-180.501502
-181.891445
-180.487196
-180.092766
-181.529613
-179.773466
-179.335248
-181.224280
-179.827192
-181.805876
-179.081939
-181.331955
-181.000620
-179.767214
-178.780971
-179.666810
-179.527057
-180.274710
-179.691721
-181.337700
-181.236963
-179.357161
-182.279289
-180.219299
-179.004684
-179.240384
-178.918776
-179.397653
-180.441350
-179.325441
-179.124278
-179.842742
-179.586603
-180.268226
-179.183185
-179.254413
-179.587122
-178.957522
-179.982038
-179.259691
-179.008097
-178.808262
-179.720396
-180.459303
-179.164935
-179.801863
-179.082001
-179.213640
-179.618040
-179.065722
-180.496318
-179.362431
-179.090533
-179.566395
-180.247741
-179.247151
-179.241950
-180.598751
-179.033150
-179.188238
-181.048568
-180.204925
-180.157587
-182.614982
-180.754204
-180.368837
-181.688159
-179.746597
-179.534973
-179.223454
-182.189667
-180.209870
-181.606689
-181.622135
-179.499835
-180.121666
-181.843464
-179.367060
-180.274414
-180.198225
-179.746697
-180.182417
-180.195508
-179.135323
-178.726765
-181.500220
-180.358126
-181.414928
-181.150856
-179.103913
-181.137500
-180.555282
-183.321789
-179.956950
-179.961548
-181.604508
-181.895808
-180.725853
-181.228593
-180.520775
-182.537110
-179.155113
-180.096446
-179.357536
-180.436006
-179.302047
-180.091928
-179.103391
-179.291268
-179.192193
-179.289242
-179.784636
-179.485818
-181.158053
-179.223510
-179.663746
-180.809570
-180.750092
-179.719114
-179.659516
-179.556952
-181.054035
-181.415076
-179.635458
-181.505983
-181.195791
-179.225677
-179.820845
-179.156175
-180.657002
-179.354109
-178.724854
-181.524866
-181.530681
-180.502682
-180.946764
-180.986624
-178.393839
-180.592386
-178.902961
-179.557728
-179.279374
-179.513127
-179.476948
-182.416692
-184.364162
-185.083154
-180.310197
-181.073814
-180.580315
-180.301412
-181.138709
-179.343267
-181.516173
-179.896447
-180.682045
-180.030155
-181.223423
-179.029424
-181.578681
-179.177681
-179.437064
-181.375272
-180.049227
-181.273284
-180.721955
-179.674852
-181.160885
-180.744474
-181.481589
-180.445884
-179.464664
-180.347102
-180.180390
-179.654782
-180.026451
-178.760242
-178.452958
-179.877758
-178.720584
-178.609440
-178.003826
-181.508085
-181.181540
-179.177199
-181.076435
-181.755234
-179.681205
-179.237130
-179.657415
-178.481482
-179.398127
-182.380211
-179.090118
-181.564829
-180.006703
-180.396710
-180.906658
-180.298914
-179.187914
-179.878114
-181.430581
-181.532449
-181.297365
-182.287103
-179.126453
-179.143423
-179.313594
-178.995184
-179.182336
-179.502937
-179.168766
-179.395064
-179.189271
-179.338088
-179.400499
-179.473187
-179.306184
-179.275380
-178.975479
-179.035657
-179.375246
-178.957575
-179.626914
-178.763975
-178.847770
-178.662829
-178.704547
-178.577051
-178.872020
-178.967599
-178.749335
-178.791190
-178.725797
-178.625888
-178.862738
-178.758705
-179.186614
-178.910084
-178.813928
-179.032888
-178.742547
-178.729567
-178.719138
-178.924857
-178.918147
-178.784448
-178.672237
-178.789327
-178.686550
-178.808427
-178.801902
-178.988268
-179.101195
-178.568958
-178.740156
-178.731646
-178.819161
-178.743725
-178.775071
-179.050047
-178.808172
-179.051019
-178.805338
-179.036408
-178.907451
-178.875046
-178.982293
-178.665065
-179.183072
-178.667215
-178.778191
-178.748312
-178.758741
-178.699229
-178.675205
-178.746301
-178.696804
-178.852712
-179.390743
-178.673114
-178.596915
-178.626715
-178.845866
-178.957768
-178.618584
-178.826623
-178.911829
-178.823172
-178.794112
-178.711320
-179.225639
-178.840099
-178.777040
-178.755896
-178.642700
-178.690793
-178.895733
-178.809221
-179.054139
-179.118224
-178.649787
-179.596702
-179.649485
-179.410944
-178.886746
-178.802245
-179.279962
-179.035737
-178.791705
-178.906036
-178.855547
-179.595962
-178.867204
-179.080866
-179.280476
-179.156373
-179.379753
-178.886013
-179.180572
-179.147693
-178.939414
-179.110378
-179.132210
-181.048291
-180.303903
-179.714881
-180.182958
-180.467212
-179.227918
-179.857326
-179.534123
-180.151690
-179.380338
-181.339096
-179.945311
-179.329273
-179.617457
-179.251222
-179.225476
-179.839982
-179.847548
-179.257146
-180.445013
-180.030168
-180.413813
-179.599268
-180.530853
-179.701119
-179.521699
-179.416568
-179.609341
-179.641583
-179.788687
-180.256288
-180.017390
-179.080801
-179.938944
-180.673450
-180.003670
-180.289759
-179.691599
-179.345841
-179.851177
-179.510815
-179.801659
-180.560911
-179.318422
-179.968136
-180.532609
-180.107774
-181.272232
-179.276591
-181.094705
-180.151898
-180.120037
-181.310418
-179.974350
-181.235244
-182.054158
-180.056723
-180.083446
-180.060894
-178.495997
-179.402001
-179.740398
-179.402355
-179.499700
-181.242144
-179.471713
-180.858885
-178.895362
-179.565924
-178.033804
-177.635550
-178.814412
-178.136519
-179.631019
-180.203674
-178.845425
-179.254140
-179.878524
-177.623385
-178.122119
-179.939404
-179.890143
-177.969548
-179.851351
-179.660533
-178.834669
-177.591873
-178.852836
-179.257681
-177.867807
-178.386247
-177.629207
-177.882071
-177.745313
-178.497851
-178.593287
-177.367244
-178.624032
-178.393626
-178.249554
-181.242445
-177.698742
-177.969567
-179.514095
-178.324936
-180.147373
-178.675267
-178.873438
-178.567857
-177.688935
-178.409189
-179.229762
-180.320427
-182.707355
-181.221972
-181.364665
-179.927981
-182.485269
-181.783365
-180.241358
-182.352257
-180.428117
-179.287393
-181.269625
-181.723092
-183.081225
-181.197539
-179.003475
-179.578130
-180.240793
-181.412073
-179.253548
-179.248667
-181.250037
-181.127522
-179.195289
-179.225859
-179.150039
-179.221307
-179.336316
-179.164274
-179.125702
-179.213495
-179.219834
-179.899669
-179.266833
-179.172698
-179.137561
-179.181013
-179.298338
-181.009208
-181.183240
-179.214437
-179.278592
-178.994942
-179.115969
-179.220876
-179.192659
-179.135917
-179.240354
-181.369336
-180.133225
-179.190842
-180.772490
-179.119272
-178.903325
-180.786332
-180.589761
-179.531822
-179.394920
-181.663726
-179.267983
-178.941623
