0.000000
-217222.066498
-216908.675140
-217031.189850
-216925.792969
-216760.632477
-216953.966766
-217561.661224
-217293.890991
-216674.158813
-216841.900299
-217209.425720
-217018.448547
-216981.556763
-216787.864624
-216851.037689
-216826.271362
-216993.878662
-216640.482025
-216810.801331
-217196.164703
-217227.867828
-217104.624603
-217077.424713
-216956.172150
-217073.787750
-216884.732239
-216885.561127
-217000.548096
-217025.399353
-217119.475281
-217351.922485
-217122.055023
-216484.726685
-216615.446167
-216939.953308
-216427.123138
-216838.010651
-216980.096680
-216610.838226
-217087.815338
-217140.287262
-217246.993347
-217099.448273
-217535.474365
-216607.247925
-217064.849091
-217058.060425
-216922.019897
-217041.850769
-216745.765381
-217084.181549
-217124.454468
-216868.891113
-216821.066864
-216617.365112
-216921.883575
-217237.410034
-216603.473633
-216541.425781
-217099.018646
-217089.760468
-217005.964386
-217041.263489
-217182.742340
-216802.669495
-216724.842377
-217072.528320
-217158.924683
-217135.751251
-217070.726685
-217096.344818
-216979.760956
-217056.341675
-217021.518921
-217152.569946
-217142.720367
-217471.156647
-216976.018036
-217049.383759
-216878.048004
-217246.611725
-216595.661011
-217117.769531
-217034.845825
-217409.307983
-216847.688324
-216515.808289
-216672.692383
-216852.369324
-216934.633179
-217016.749084
-217081.723877
-217208.997650
-217034.516541
-216981.422485
-217184.801147
-217027.526489
-216690.098267
-216767.960938
-217252.459503
-217132.070312
-216869.431427
-217053.280792
-216855.575531
-216888.224365
-217041.728546
-217145.292694
-217201.954956
-216967.445007
-217318.762207
-217403.916565
-217046.460327
-217094.374359
-217009.818787
-217167.587067
-216871.493011
-216774.984131
-217167.396606
-217294.348511
-216795.412964
-216793.319214
-216447.069855
-216814.458618
-216637.250854
-217206.706665
-216682.651794
-217039.477600
-216963.605682
-216969.817657
-217141.809662
-216625.423889
-216803.884094
-217034.540558
-216941.307251
-216510.684204
-216899.572754
-217140.240906
-217075.496582
-216698.459717
-216670.921692
-216898.230042
-216595.255219
-216785.511383
-216590.289490
-216966.812256
-217147.736938
-217256.830811
-217572.097839
-216638.155945
-216665.568665
-216561.679871
-217014.535889
-217053.417816
-217255.164368
-217271.973480
-216614.744537
-216759.354034
-216869.535492
-216437.782501
-216916.701599
-216919.607086
-217013.222717
-216672.747040
-216872.883698
-216455.879883
-216856.279175
-217080.845978
-217011.663971
-217066.757507
-217063.405731
-217065.799377
-216756.175751
-217151.134247
-216639.315460
-216815.804169
-216753.485687
-216913.357666
-217063.655518
-216787.117279
-216818.110931
-217237.417023
-216819.484192
-216561.003021
-216586.436523
-216564.483734
-216759.112762
-217155.625824
-216892.374542
-216985.844116
-216751.020691
-216606.638092
-216556.257507
-216940.485779
-216736.690002
-216700.803925
-216714.156952
-217020.448883
-216996.432617
-216673.694702
-216794.339172
-216726.746155
-216957.359955
-216817.215607
-217090.779144
-216967.471893
-216990.012695
-216514.268097
-216610.513794
-216584.533142
-217057.220612
-217046.180267
-216869.389923
-216493.048401
-216732.013336
-217033.372833
-216897.864227
-217101.023468
-216678.231842
-216963.515259
-216673.924042
-217143.177155
