0.000000
-8296.931458
-8312.421631
-7878.531342
-8415.201904
-8347.431763
-8380.824829
-8247.854553
-8253.471405
-8335.581696
-8343.970093
-8336.510254
-8284.472534
-8357.019897
-8293.137604
-8071.338623
-8113.110718
-8231.678406
-8235.302856
-8314.540039
-8240.582550
-8281.542633
-8313.057159
-8328.293976
-8297.345490
-8307.920959
-8386.855164
-8443.133942
-8279.722778
-8321.693176
-8301.238800
-8350.139069
-8324.471039
-8311.995392
-8189.139374
-8303.652252
-8207.447205
-8308.194244
-8202.032410
-8265.854675
-8287.102264
-8258.227905
-8362.563538
-7763.226868
-7690.551971
-8243.466187
-8238.174561
-8260.269928
-8552.494171
-8227.280975
-7782.183899
-8392.477570
-8259.839203
-8456.248718
-8365.042694
-8500.014465
-8288.582245
-8277.170837
-8399.290894
-8412.518127
-8337.896332
-8368.011597
-8340.492218
-8350.934631
-8380.748596
-8409.725494
-8392.447723
-8159.280029
-7734.380859
-8334.694458
-8352.540924
-8368.801208
-8399.831299
-8394.513611
-8342.699036
-8337.669373
-8351.242676
-8278.969574
-8413.227905
-8362.768616
-8548.721893
-8339.761017
-8391.618652
-8355.767792
-8348.695343
-8405.747467
-8413.018921
-8358.492218
-8384.415588
-8358.696136
-8354.733154
-8356.332245
-8342.943970
-8366.476776
-8416.146423
-8437.842621
-8377.017059
-8371.870178
-8566.043121
-8332.400421
-8568.675903
-8394.929810
-8607.388092
-8364.955658
-8367.408600
-8372.126007
-8368.738098
-8359.881012
-8359.358551
-8409.473755
-8374.042389
-8373.154755
-8391.226593
-8366.564484
-8375.257294
-8358.587891
-8413.950317
-8364.038605
-8355.377686
-8368.616028
-8364.214233
-8402.560608
-8410.923126
-8382.019043
-8352.866028
-8373.632874
-8321.430725
-8129.929718
-8345.251099
-8322.853027
-8257.367401
-8378.249573
-7908.769287
-8264.831207
-8472.956238
-8376.356781
-8390.299561
-8319.664307
-8162.846649
-8069.528198
-8159.383514
-8260.987213
-8382.140778
-8275.970978
-8348.233154
-8239.502655
-8307.032593
-8375.440582
-8280.139282
-8258.853516
-8433.091675
-8752.861969
-7944.907654
-8409.518372
-8092.937775
-8007.821869
-7934.692139
-7930.341980
-8297.090088
-7944.330994
-7904.351898
-8283.512360
-8084.380005
-7679.960114
-7699.303040
-7680.235474
-7732.164215
-7715.442810
-7723.980103
-7732.081116
-7685.862183
-7728.387817
-7656.535492
-7695.366150
-7660.772034
-7633.305542
-7590.315979
-7794.511322
-8264.043732
-7663.890930
-7633.220612
-7792.115540
-7736.914429
-7711.313965
-7669.851318
-8151.863251
-7576.021271
-7666.470764
-7687.460541
-8340.157715
-7658.022736
-7643.571136
-7728.200317
-7716.750549
-7682.230835
-7803.378693
-8587.665100
-8201.218414
-8365.362244
-7703.768646
-8018.188873
-8347.975708
-8196.198395
-7911.316467
-8367.666443
-8230.820587
-8337.936493
-7803.787842
-7739.438202
-8131.260620
-8297.071503
-8262.268402
-8217.676270
-8189.338318
-8349.962097
-8174.813660
-8273.723358
-8307.932861
-8275.173889
-7910.618164
-8231.460449
-8256.967590
-8201.176758
-8220.982697
-8345.934967
-8282.491241
-8636.177399
-8243.851288
-8363.364105
-8290.611115
-8709.358612
-8338.210114
-8277.162811
-8243.853333
-8392.844879
-8283.168762
-8380.792786
-8277.687775
-8272.494324
-8305.100922
-9095.671082
-8885.601013
-8743.503021
-8665.932709
-8470.003174
-8316.511383
-8201.549561
-8257.072479
-8856.510284
-8362.959290
-8754.239441
-8662.787445
-8632.279633
-8771.521362
-8029.936066
-8454.915955
-8428.571960
-8540.209137
-8197.456573
-8649.864960
-8484.050720
-8704.331268
-8838.852356
-8660.873047
-8588.351410
-8577.809845
-8758.313690
-8807.556824
-9037.579407
-8754.586121
-8699.435303
-8853.050323
-8790.340698
-8949.395111
-8741.132202
-8636.049530
-8649.427429
-8681.150269
-8875.034637
-8871.510986
-8816.210022
-8589.202637
-8752.620667
-8619.759735
-8576.013062
-8732.506134
-8439.303833
-8746.099548
-9000.880890
-8614.964661
-9103.596832
-8664.925507
-9070.841827
-8574.779968
-8648.715240
-9297.553223
-9030.436676
-9009.104858
-8543.500183
-8541.724670
-8869.490601
-8573.386261
-8948.900940
-8587.495880
-9036.501068
-8726.600006
-8827.164917
-8938.567322
-8320.709534
-8284.108978
-8290.206787
-8366.276520
-8151.173096
-8312.257874
-8337.769043
-8211.641357
-8283.916626
-8263.676544
-8392.816376
-8381.973541
-8128.088684
-8324.958252
-8373.665802
-8132.068787
-8024.730042
-8181.352814
-8349.126801
-8224.628571
-8319.618011
-8263.510468
-8300.580353
-8314.908600
-8208.865509
-8380.320099
-8225.397980
-8361.530518
-8011.350281
-8203.960815
-8169.266663
-8127.808044
-8254.237549
-8320.167908
-8265.571411
-8309.181274
-8160.644653
-8432.702118
-8093.163025
-8361.407593
-8169.007202
-8240.155609
-8374.003632
-8256.706573
-8250.335266
-8298.101868
-8007.808350
-8304.242859
-8084.373383
-8121.266235
-8290.387756
-8396.103882
-8080.432892
-8132.630402
-8281.372437
-8298.535400
-8167.947540
-8327.986542
-8122.825653
-8348.407013
-8094.099701
-8211.648346
-8383.338654
-8331.037659
-8386.151489
-8391.932465
-8392.829315
-8406.311157
-8403.301636
-8403.468597
-8432.109772
-7959.665253
-7848.481354
-8245.319916
-8557.032562
-7970.720367
-7896.229950
-7905.019135
-7762.885895
-7702.649567
-8596.978729
-8089.197388
-8171.676086
-8097.035492
-7686.742828
-7701.809937
-7667.417725
-7826.175415
-7635.183319
-7728.430267
-8174.608368
-7957.034668
-7848.238159
-8588.474487
-8395.110321
-7839.687805
-7728.839386
-7687.818359
-7885.424805
-7726.534668
-7664.134155
-8310.792908
-7736.424835
-7655.866058
-8601.572205
-8047.836945
-8016.760895
-7665.810059
-7697.274506
-7675.358795
-8308.195923
-7789.258820
-7738.959747
-7673.684357
-7691.894073
-7741.202301
-8382.978821
-8744.937500
-8313.340393
-8240.771362
