0.000000
-7229.933289
-7537.194977
-7327.073975
-7372.128845
-7360.327118
-6817.383026
-6805.221191
-6886.130951
-7074.995148
-6956.352173
-7051.283325
-7187.415802
-6945.899750
-7093.196716
-7268.410675
-7146.956512
-7008.748138
-6960.628326
-6962.281799
-7241.853180
-7242.376373
-6803.736450
-7018.749329
-7193.945007
-6913.001312
-7009.749939
-6964.133270
-6802.932129
-6799.145020
-6777.369659
-6813.356232
-6762.312408
-6864.971588
-6887.773804
-6816.177734
-6934.927063
-6793.165344
-6765.531860
-6799.203705
-6795.866608
-6832.817047
-6850.445831
-6822.049957
-6800.527008
-7111.530457
-7124.406647
-7470.908844
-7217.247986
-6827.044891
-7343.902222
-7182.651886
-7326.387360
-7220.273956
-7004.779083
-6910.653137
-6829.787170
-7082.796356
-6784.562073
-6969.859985
-7127.374939
-6951.869263
-6866.924103
-6915.635864
-6813.345001
-6887.593323
-6851.551758
-6893.679047
-6825.703766
-6827.022186
-6918.127930
-6884.352173
-6871.009521
-6856.026001
-6863.675537
-6821.567108
-6788.804077
-6857.571808
-6800.912537
-6791.993225
-6897.945770
-6793.688293
-6790.690552
-6775.482910
-6790.489716
-6842.419281
-6839.481171
-6875.941803
-6960.410248
-6926.539337
-6814.767029
-6852.404327
-6839.780701
-7036.041229
-6832.081024
-7288.560303
-6935.749451
-6827.729309
-7401.739288
-6805.469482
-6898.751251
-6932.353851
-7559.181915
-6808.169037
-6923.323578
-7249.826538
-6852.235840
-6811.511536
-6776.293213
-7037.416748
-6811.793549
-6797.781830
-6808.371796
-6785.911926
-6814.035980
-6790.897919
-7121.179260
-6887.062805
-7546.035980
-7061.653595
-7789.861847
-7398.688171
-7283.097046
-7330.874115
-7532.791290
-7681.035370
-7345.707306
-7459.433533
-7006.824829
-7112.500427
-7509.001801
-7644.522827
-7547.862610
-7848.992493
-7277.166779
-7131.294830
-7452.673096
-6944.224304
-6894.232758
-7422.670898
-7379.072388
-7447.472351
-7336.362122
-7407.123291
-7072.216400
-7050.069946
-7350.287811
-7310.435394
-7290.501770
-7322.625458
-7330.503265
-7338.268097
-7313.209076
-7416.791656
-7292.109528
-7306.518341
-7340.056000
-7317.293121
-7255.310364
-7276.044006
-6948.664337
-7260.876007
-7379.246307
-7139.834564
-7147.705078
-7181.640381
-7121.372162
-7392.471863
-7139.484161
-7382.505981
-7384.463501
-7260.325500
-7354.204895
-7329.964844
-7174.866211
-7285.206696
-7019.032318
-7232.519135
-7098.488464
-7126.419708
-7235.497620
-7320.401093
-7148.979431
-6825.436432
-6926.782410
-7107.586121
-7101.662262
-6997.767487
-7096.734344
-6892.285553
-6962.809387
-7160.773651
-7050.551453
-7066.121887
-6982.589203
-7057.990051
-7174.070740
-7142.729706
-6997.849121
-7168.311493
-7025.537750
-7085.152313
-6958.815063
-6875.429047
-7089.741089
-7070.005554
-7116.631378
-7148.622650
-6981.930206
-7051.104492
-7006.057037
-6993.300659
-6895.547729
-7146.052094
-7001.029327
-7210.348969
-7019.603455
-7171.734833
-6955.196777
-7110.330658
-6952.180603
-6972.814789
-7157.947021
-7209.117401
-6937.025330
-6915.289368
-6960.507568
-7108.674164
-7139.240906
-6981.128784
-6898.019501
-6900.399719
-7197.890656
-6923.340698
-6912.245361
-6965.195007
-7006.697052
-6903.102722
-7054.753876
-6939.013062
-6938.470062
-6905.415924
-6985.489502
-7049.744598
-6895.594574
-6921.910919
-6922.162018
-7034.451416
-6903.362549
-7020.801605
-6829.047424
-6953.701477
-6931.989563
-6829.644104
-7067.129669
-7065.790497
-6873.240112
-6845.732056
-6821.938568
-6947.311646
-6861.395416
-7147.649963
-7022.725494
-7038.152161
-6963.338257
-6828.595825
-6811.986115
-6836.866974
-6828.935852
-7019.079010
-6891.570801
-6874.684326
-6896.311401
-6999.451263
-7082.938873
-6928.754303
-7188.300842
-6853.156464
-6909.753357
-7087.460907
-7036.437744
-6882.928284
-6959.487244
-7029.787781
-7035.028778
-7032.636169
-6806.067108
-6841.977966
-7009.843903
-6997.485535
-7399.746460
-7235.952301
-6946.693909
-7143.149902
-6873.306030
-6750.844421
-6697.118866
-6910.120850
-7066.108154
-7201.225159
-6914.283997
-6796.322357
-6930.609131
-6883.949005
-6897.125824
-6791.114197
-6690.783295
-7213.145111
-6974.812958
-6875.928680
-6996.574707
-6930.712372
-7049.847565
-7246.495056
-7190.315399
-7195.396912
-7136.691132
-6900.554230
-6935.817108
-7179.474335
-7176.712921
-7253.534882
-6971.587433
-7093.282806
-7099.752075
-6951.110321
-6832.884644
-7141.795502
-6933.047150
-7164.548218
-6929.835297
-6842.964264
-7038.179047
-6819.592957
-6830.422363
-6742.019073
-6782.829895
-6851.674194
-6868.562622
-6771.118927
-6681.802460
-6877.839539
-7225.308899
-6870.203339
-7035.207184
-6673.843781
-7086.964081
-6722.903442
-7299.304443
-6816.766724
-6731.407623
-6895.164398
-7157.627014
-7493.394958
-7122.339081
-7212.688171
-7204.276276
-7257.711243
-7186.059143
-6690.817383
-6921.476929
-7597.569977
-6857.124359
-7113.440399
-7395.390717
-6959.680084
-7179.147858
-7273.836548
-6952.263947
-7147.246063
-7039.592865
-7248.891052
-6923.035889
-6928.025024
-7181.345154
-7120.647919
-7161.453949
-7226.060791
-6904.686951
-6874.799469
-6887.743317
-6916.284088
-7260.902832
-7200.059723
-7092.997375
-7228.969574
-6880.249329
-7059.149567
-7067.165985
-7223.559296
-7353.938080
-7332.213318
-7421.002533
-7345.181763
-7371.729401
-7386.429260
-7248.727661
-7226.483185
-7516.960358
-7370.741394
-7512.651703
-7439.923950
-7527.668182
-7429.850159
-7264.395691
-7245.502228
-7687.343353
-6939.809906
-6922.499207
-7077.735077
-7035.382080
-7138.263855
-7070.608887
-6879.159882
-7034.237305
-7212.443726
-6875.301758
-7185.567200
-6835.594513
-7044.309875
-6892.774597
-7231.856445
-7126.458221
-7066.077972
-7210.230133
-7151.076050
-7115.420166
-7273.673920
-7152.155151
-6815.691101
-6803.235962
-6802.833282
-6817.248413
-6831.678589
-6811.365234
-6909.900177
-6854.292328
-6820.455505
-7068.705566
-7221.174194
-7261.659210
-7059.648132
-7071.915344
-7176.009064
-7206.828796
-7134.091675
-7102.488647
-7030.470123
-7056.050781
-6853.706970
-7229.085724
-7082.773132
-7123.880463
-7281.643463
-7050.419006
-6887.194977
-7187.061615
-7020.326782
-7157.828217
-6933.718445
-7002.901215
-6934.758209
-7018.501831
-7128.959656
-6990.298706
-7078.879974
-7235.134735
-7063.268097
-7084.264435
-7106.694275
-6860.926575
-7055.954102
-6965.365082
-7254.555298
-7162.555939
-6880.029877
-7025.520447
-7067.829285
-6983.160797
-7160.623993
-7169.178711
-7118.889191
-6936.732635
-6831.909851
-6806.142731
-6862.273590
-6962.846802
-6831.433502
-6819.386444
-6847.404938
-6868.024567
-6849.933136
-6898.955872
-6960.326904
-7142.274109
-7224.226898
-6944.028473
-6890.830048
-7033.151855
-6821.360474
-7438.445679
-6880.808319
-7185.151398
-7178.425262
-7154.748962
-7143.266785
-7175.497375
-7211.660828
-7243.095123
-7230.068878
-7261.221741
-7238.977051
-7274.785034
-7206.932953
-7323.150208
-7196.427612
-7095.449280
-6996.762482
-6963.038971
-6955.573303
-7179.262085
-7096.953796
-6879.652069
-7083.287659
-7204.969543
-7089.652557
-7194.354767
-7244.525574
-7074.032104
-7056.730072
-6703.585541
-6891.953339
-6881.012268
-6963.885895
-7199.648285
-6991.591614
-6793.396698
-6847.253845
-7200.202087
-7145.819794
-7204.633453
-7283.990387
-7117.838135
-7162.789185
-7228.803253
-7187.253326
-7152.916382
-7187.398224
-7196.098694
-7192.720825
-7129.490448
-7358.112671
-7271.211456
-7242.583466
-7186.077393
-7187.167450
-7223.849121
-7158.287476
-7274.416962
-7162.760223
-7179.113617
-7242.427216
-7156.677582
-7197.508881
-7252.678253
-7252.496582
-7365.099731
-7302.582550
-7193.061371
-7166.879456
-7172.553375
-7185.605530
-7204.195679
-7155.957886
-7206.790833
-7159.867004
-7214.273590
-7171.200287
-7122.990112
-7193.701385
-7174.528168
-7220.658661
-7194.732269
-7196.202515
-7137.782867
-7137.938599
-7279.472809
-7173.844696
-7232.672760
-7205.794769
-7162.897522
-7194.836792
-7187.743774
-7353.390198
-7263.185211
-7390.608276
-7323.557343
-7316.994568
-7368.842987
-7298.462189
-7156.515930
-7374.409363
-7219.372559
-7258.821808
-7423.035309
-7209.979340
-7330.741852
-7235.555603
-7375.885376
-7311.751282
-7321.809937
-7288.478394
-7287.983459
-7199.968781
-7153.244507
-7273.654755
-7178.031342
-7224.234131
-7264.592682
-7376.385559
-7148.977509
-7565.582611
-7285.515015
-7242.913605
-7163.449005
-7142.555664
-7451.131073
-6838.064056
-7233.525787
-7360.872284
-7199.316162
-7243.972900
-6837.124603
-7113.929749
-6824.045288
-6833.822327
-6707.600922
-7137.645721
-6911.858368
-7116.231232
-7181.376465
-6868.731140
-7240.771423
-7153.387238
-7184.318542
-7159.555939
-6868.531921
-6800.098358
-6799.954529
-6835.043518
-6859.232483
-6833.112579
-6773.600037
-6872.979889
-6906.919098
-6798.517548
-6825.167236
-6882.180237
-6831.830750
-6854.662659
-6870.942108
-6749.862427
-6787.045258
-6765.530701
-6792.599182
-6801.645477
-6807.065674
-6801.510590
-6759.225098
-6756.905090
-6743.883698
-6809.882935
-6767.441803
-6819.103302
-6779.881378
-6795.865997
-6791.539032
-6827.710785
-6807.995880
-6789.599915
-6795.382416
-6781.708801
-6801.811859
-6775.015747
-6844.308258
-6845.497284
-6781.717712
-6773.913208
-6741.026154
-6801.057953
-6697.482422
-6711.903320
-6845.997375
-6727.684418
-6809.828156
-6669.866425
-6784.405609
-6830.970917
-6821.609558
-6709.569519
-6903.262634
-6789.399048
-6805.783142
-6864.436981
-6852.164673
-6821.818146
-7254.502747
-7157.273224
-6807.762451
-6918.260040
-7110.173828
-7389.276764
-7177.367340
-7351.334412
-7113.806335
-7251.242096
-6825.292084
-7317.123230
-6824.576813
-6778.640594
-7042.307953
-7246.957184
-7352.135773
-7060.192780
-7078.716522
-7283.656494
-7223.268433
-7107.364624
-7201.009094
-7207.190826
-7099.733673
-7268.171021
-7193.260803
-7168.809174
-7166.565308
-7205.832977
-7213.842224
-7198.083435
-6966.030151
-7133.744690
-6814.502014
-6928.012451
-6707.366760
-6819.341309
-6920.872101
-7269.435547
-7188.339020
-6685.976074
-6931.102295
-6812.917694
-6763.107208
-6779.593567
-7022.822571
-6846.595154
-6800.675262
-6802.889252
-6744.775055
-6866.554565
-6948.676819
-6735.745544
-6655.824310
-7116.898590
-6780.279114
-7144.487000
-7219.362213
-6674.166412
-6757.411163
-6839.166168
-6647.569427
-7117.492584
-6792.718262
-6870.893616
-6845.959259
-6755.715424
-6883.098480
-7153.137054
-6972.578461
-6874.428375
-6746.210022
-6979.834930
-6903.694366
-7297.510681
-6642.877411
-7048.166412
-7147.378906
-6916.906281
-7158.120239
-6766.028961
-6872.121063
-6855.981750
-6717.169922
-6661.725067
-6900.512268
-6691.308228
-6820.915375
-7449.322235
-7248.425354
-7216.574188
-6971.528748
-6868.447968
-7506.161346
-7502.491333
-6925.123627
-7663.788116
-7266.921143
-6891.572113
-7074.158905
-7104.342834
-7043.179016
-7134.257050
-7082.658051
-7274.475616
-7051.006836
-7500.721375
-7349.904572
-7084.897583
-7099.024475
-7212.317902
-7098.552582
-7258.143799
-7129.784149
-7078.321472
-7628.036163
