0.000000
-5184.000015
-5218.841431
-5217.530914
-5218.848022
-5220.049255
-5218.839905
-5213.596832
-5218.836731
-5218.836334
-5218.833679
-5217.567719
-5234.095016
-5218.831909
-5285.347076
-5408.391098
-5417.470016
-5290.323364
-5363.965363
-5326.277252
-5188.735458
-5227.969543
-5334.262299
-5268.332184
-5292.259827
-5339.744293
-5282.834259
-5335.480621
-5267.661713
-5329.434357
-5435.706360
-5346.801773
-5317.082947
-5293.750824
-5358.229080
-5274.136581
-5366.357986
-5326.334396
-5437.948914
-5376.827179
-5321.224747
-5407.282761
-5370.983688
-5358.251938
-5339.568268
-5384.839783
-5367.996246
-5406.028397
-5397.740524
-5340.508804
-5370.790070
-5387.615753
-5367.457611
-5326.624420
-5379.959381
-5394.153076
-5369.108643
-5279.153351
-5313.976959
-5344.326599
-5389.859009
-5411.348175
-5387.483200
-5378.426956
-5360.858063
-5433.198715
-5389.296692
-5306.506622
-5423.802307
-5342.118149
-5383.872849
-5343.260315
-5360.769958
-5365.785614
-5338.460693
-5327.936401
-5316.958008
-5307.044312
-5356.133759
-5279.063751
-5364.896072
-5315.908386
-5370.753021
-5311.584259
-5361.046173
-5302.288528
-5334.972153
-5383.152588
-5381.259583
-5402.002991
-5293.714600
-5309.641556
-5342.278748
-5308.367767
-5392.108688
-5313.612167
-5303.095245
-5374.399628
-5323.712646
-5306.047165
-5272.680435
-5367.557846
-5285.600861
-5356.804901
-5272.961823
-5320.679962
-5287.456970
-5333.803162
-5319.126617
-5337.884766
-5332.302078
-5277.854904
-5301.746094
-5282.482941
-5350.904449
-5309.492264
-5298.950455
-5344.038605
-5354.375824
-5362.148163
-5298.372437
-5299.022629
-5360.095627
-5375.654388
-5368.092621
-5335.690430
-5283.058105
-5412.148270
-5324.142715
-5403.727417
-5373.725739
-5433.310150
-5342.659866
-5384.445877
-5365.339600
-5355.209793
-5331.069092
-5346.459488
-5327.960999
-5325.770660
-5330.260803
-5309.152557
-5300.155487
-5324.119812
-5295.450500
-5324.634674
-5320.846954
-5300.368500
-5336.156494
-5328.380920
-5336.310333
-5329.654755
-5317.637604
-5313.175385
-5317.743195
-5308.388458
-5295.935150
-5291.117554
-5300.528687
-5326.645325
-5328.765991
-5294.461426
-5317.588028
-5289.746521
-5276.074509
-5326.647339
-5336.194153
-5299.646149
-5307.686691
-5295.583344
-5262.460999
-5342.573029
-5311.940399
-5264.964447
-5336.384460
-5313.241074
-5319.625549
-5325.842560
-5328.327087
-5328.895477
-5284.573517
-5307.734985
-5306.803772
-5346.216705
-5318.095367
-5301.403870
-5302.839325
-5334.586823
-5343.493896
-5329.677246
-5302.764404
-5288.815674
-5241.795410
-5235.131897
-5251.480042
-5244.719940
-5211.289673
-5261.963013
-5239.049149
-5218.170288
-5218.433197
-5260.354401
-5221.356903
-5220.226074
-5267.795074
-5244.704010
-5258.288544
-5218.966614
-5255.988312
-5254.778320
-5262.650360
-5232.042969
-5218.689240
-5256.402527
-5262.534973
-5220.466980
-5260.635651
-5273.556610
-5284.218170
-5277.005798
-5222.712982
-5233.685455
-5274.327484
-5246.738037
-5267.619415
-5293.714050
-5237.655579
-5258.760620
-5243.682220
-5257.433289
-5217.873962
-5218.517670
-5218.834625
-5220.069336
-5220.070099
-5218.825531
-5219.734436
-5219.172943
-5219.720703
-5219.334351
-5218.832031
-5219.844391
-5221.162476
-5215.239960
-5219.673920
-5220.071960
-5219.809204
-5222.068115
-5220.623413
-5223.111786
-5220.781647
-5224.491486
-5303.214737
-5259.912598
-5314.716568
-5310.129303
-5352.828384
-5329.408661
-5184.686234
-5308.250214
-5115.804092
-5218.728546
-5218.840454
-5279.080917
-5196.250549
-5374.331146
-5194.432129
-5253.709564
-5212.075592
-5218.828217
-5201.669525
-5218.839508
-5191.752380
-5212.185394
-5232.659134
-5365.013458
-5217.764343
-5218.771729
-5218.831726
-5218.836090
-5218.840332
-5218.839752
-5218.830933
-5218.840118
-5218.834747
-5218.794739
-5206.038788
-5218.836395
-5218.795715
-5218.824158
-5211.519379
-5218.837341
-5218.450989
-5218.834229
-5218.841278
-5218.806030
-5211.763824
-5218.833008
-5218.827972
-5218.289673
-5218.840698
-5218.822174
-5217.483765
-5218.837891
-5179.787201
-5218.835144
-5218.840118
-5218.833313
-5218.839142
-5218.825134
-5218.839233
-5218.842621
-5218.842407
-5218.842041
-5805.317535
-5218.843262
-5218.839111
-5175.717239
-5218.834503
-5218.793671
-5214.933350
-5330.019363
-5340.498184
-5339.801804
-5305.356339
-5305.655899
-5286.688416
