0.000000
-181.175705
-182.774446
-180.752997
-182.277826
-181.119148
-180.601023
-182.140483
-182.856667
-182.620477
-181.877791
-181.636868
-181.635811
-181.838284
-181.454508
-181.720762
-181.243162
-182.742125
-181.137259
-182.007818
-181.764980
-181.963461
-181.311862
-182.240424
-181.736505
-181.888528
-181.102434
-182.951863
-181.404520
-181.358961
-181.763309
-182.229935
-181.417817
-181.601175
-181.701792
-181.663946
-182.273712
-183.117168
-181.474191
-180.970617
-182.591209
-182.623977
-181.364218
-181.660597
-181.525096
-181.507809
-181.686528
-181.780462
-182.015402
-181.568549
-181.606940
-181.613438
-181.418239
-181.643874
-181.415715
-182.415283
-181.460912
-181.368834
-181.101880
-181.521162
-181.722258
-181.541321
-181.557605
-181.505461
-181.435029
-181.451862
-181.739620
-181.669339
-180.922476
-181.328784
-182.085855
-182.512384
-180.808071
-181.695281
-181.936355
-181.459194
-182.573025
-180.755502
-181.357796
-182.010281
-183.122261
-182.861957
-181.862192
-181.520976
-181.770422
-181.817781
-183.012759
-182.857445
-182.907488
-182.060008
-181.588797
-181.893123
-181.506281
-181.721339
-182.042465
-183.253913
-181.678559
-181.247516
-180.789818
-181.548819
-181.385249
-180.918625
-181.990150
-181.023553
-181.013145
-182.447588
-181.747286
-181.694603
-182.207485
-180.808080
-180.826622
-181.915801
-180.903337
-181.603763
-180.889708
-181.142294
-181.809205
-180.796226
-181.067620
-181.026379
-181.046694
-180.981454
-181.056657
-180.929843
-181.110291
-181.580548
-181.031166
-181.033818
-180.900456
-180.977819
-180.847207
-181.177696
-182.641437
-180.992725
-181.251789
-180.669645
-180.858033
-181.242289
-180.901321
-181.044133
-180.475762
-180.610161
-182.172870
-181.058893
-181.086231
-180.666198
-180.937330
-180.937127
-182.008703
-181.115503
-180.970094
-181.219835
-181.196843
-180.714201
-181.512767
-181.056867
-181.601975
-180.977172
-181.054617
-180.615502
-181.043596
-181.092131
-182.838859
-180.499812
-180.829364
-180.556528
-181.090486
-182.005820
-181.261192
-181.970277
-180.789327
-182.142339
-181.207799
-181.328353
-181.537557
-183.252793
-181.678167
-182.311391
-181.677309
-181.302585
-181.165900
-182.868539
-181.729795
-181.623507
-180.421345
-181.275554
-181.767362
-180.429044
-180.119621
-180.440809
-180.949869
-178.984846
-180.213176
-179.533083
-182.113771
-180.981694
-181.758700
-180.033603
-182.069185
-181.769596
-182.691415
-181.377425
-179.860908
-181.942125
-179.306582
-182.773225
-181.788972
-181.594018
-181.642790
-180.638695
-180.851018
-178.662953
-179.141568
-178.447134
-179.100466
-180.311993
-179.552142
-179.520474
-178.392744
-180.625487
-178.917565
-180.066956
-179.261498
-179.695898
-179.758660
-180.085295
-179.908482
-178.906619
-179.764783
-178.716268
-178.523940
-180.267290
-179.440945
-179.986013
-179.905721
-179.929461
-179.964615
-183.190240
-182.545947
-182.243639
-181.857396
-181.691049
-181.073139
-181.729267
-185.641602
-185.193941
-181.642491
-182.988561
-185.479877
-181.223272
-182.335489
-182.207361
-183.573082
-181.314596
-181.826813
-180.918887
-179.786332
-179.599621
-181.785209
-185.111727
-184.583025
-183.269399
-184.102180
-184.300153
-184.550643
-185.541343
-182.788105
-183.774370
-182.774477
-185.105306
-183.990751
-183.590418
-179.520029
-180.243579
-178.809035
-182.077687
-181.053739
-182.285580
-181.835113
-181.178166
-181.290199
-180.832898
-179.610656
-181.314533
-181.062711
-180.816303
-181.082123
-181.492130
-183.002526
-180.170001
-181.338773
-181.803355
-181.831616
-180.944784
-180.995611
-180.901699
-180.015114
-181.943668
-184.046110
-184.889120
-185.242438
-182.600319
-184.947452
-182.977190
-184.573438
-182.858907
-180.714993
-183.440169
-181.561381
-181.058141
-182.739955
-182.254271
-182.322350
-185.096499
-183.933136
-180.325312
-179.745501
-182.248811
-181.931539
-180.981560
-181.435746
-181.568463
-178.813871
-181.476256
-181.300357
-180.153535
-180.464343
-183.853282
-180.509310
-182.008785
-182.125766
-184.472147
-183.052788
-181.907620
-182.949919
-186.046018
-184.156073
-182.609723
-183.679768
-180.777069
-185.006018
-180.809670
-184.332713
-183.169271
-182.619056
-180.541021
-182.097419
-180.203633
-184.565846
-183.121344
-183.087337
-183.858999
-181.100334
-179.624935
-182.210978
-181.493594
-181.709212
-182.327045
-180.089825
-183.776721
-184.091845
-182.327113
-181.664009
-179.884328
-183.979496
-184.434062
-181.365802
-182.415993
-182.775637
-182.384725
-182.577990
-181.163918
-182.130357
-183.518217
-184.256579
-182.907958
-183.946579
-181.696352
-183.065815
-182.136291
-182.208071
-181.464633
-183.056731
-183.110556
-182.807909
-181.177656
-181.015997
-181.531288
-182.374864
-181.628105
-181.502837
-180.883766
-181.715236
-182.165217
-182.496253
-182.969901
-183.067402
-181.158866
-180.764505
-181.861557
-182.775632
-181.910393
-182.135561
-181.834597
-182.272290
-180.757790
-180.616793
-179.587217
-183.403374
-183.386880
-182.827605
-182.526733
-181.164625
-182.428636
-181.554491
-179.217530
-181.364179
-180.715642
-181.082879
-181.884830
-181.988748
-182.131174
-182.859405
-181.694044
-181.501671
-182.326213
-181.282996
-181.707930
-181.808350
-182.009532
-181.559902
-182.304066
-182.221894
-182.238749
-180.946588
-181.522175
-182.402958
-182.358762
-182.395491
-181.947282
-182.188101
-182.257592
-182.085773
-181.930907
-182.018022
-181.584810
-181.735893
-181.819640
-181.187799
-181.386463
-181.644060
-182.086299
-181.529826
-181.895379
-181.801066
-182.112616
-182.358560
-181.350802
-182.236073
-182.171469
-182.351606
-181.466807
-181.868636
-181.455008
-181.215411
-182.930286
-180.975377
-181.748551
-182.649674
-181.673780
-182.123807
-181.774366
-182.925759
-181.780156
-181.249333
-182.313413
-181.883141
-180.914027
-181.549944
-182.316851
-183.877048
-180.619722
-182.771570
-182.221152
-182.441300
-182.607378
-180.799720
-181.261026
-181.220787
-181.303797
-180.375373
-180.438461
-182.365721
-181.357693
-181.906663
-182.682687
-183.710679
-180.770649
-181.420169
-181.682594
-180.685890
-181.908569
