0.000000
-8413.284760
-8448.883240
-8407.307892
-8514.966370
-8510.100922
-8497.034454
-8385.439178
-8452.677704
-8353.887512
-8510.039642
-8239.785889
-8185.965515
-8356.181213
-8380.221832
-8334.137177
-8192.162506
-8062.904877
-8214.921112
-8431.150085
-8103.921936
-7828.280640
-8019.157867
-7681.007080
-7969.557648
-8119.278351
-7945.427673
-8051.760132
-8401.399231
-8160.662933
-8225.271027
-8867.569244
-8443.502899
-8066.421722
-8447.253479
-8511.703857
-8566.826965
-8279.443298
-8573.930939
-8277.303558
-8278.752167
-8269.082581
-8304.717468
-8316.668335
-8286.040070
-8524.942352
-8377.159149
-8502.641846
-8462.241547
-8393.875275
-8358.892456
-8410.350861
-8320.518372
-8331.519745
-8476.082611
-8411.711182
-8291.780579
-8312.925720
-8246.671387
-8254.129700
-8245.560730
-8261.576080
-8274.063843
-8250.478882
-8333.031158
-8609.071716
-8363.791077
-8326.596832
-8847.659790
-8331.640076
-8336.334900
-8401.085449
-8962.979462
-8337.260620
-8580.183228
-8348.979462
-8346.568848
-8883.752594
-9004.467407
-8318.737183
-8561.907104
-8323.496307
-8824.881317
-8452.651215
-8311.275208
-8497.701019
-8298.442108
-8298.395966
-8310.525635
-8323.895081
-8278.496674
-8278.036774
-8278.612976
-8337.616577
-8311.137329
-8363.421021
-8298.557007
-8282.753754
-8410.820038
-8277.014191
-8352.888641
-8365.556091
-8536.519897
-8271.321350
-8307.384125
-8359.198578
-8334.896973
-8423.112579
-8364.877472
-8448.629456
-8329.922028
-8303.563538
-8334.971985
-8128.122009
-8148.903442
-8126.911621
-8098.115662
-8088.301849
-8082.748535
-8104.683197
-8106.682953
-8155.247070
-8098.110687
-8077.475250
-8094.197723
-8163.378632
-8131.317902
-8261.128754
-8320.492828
-8295.480499
-8431.551758
-8410.369049
-8213.834930
-8332.381622
-8169.365936
-8277.160248
-8364.686859
-8329.599457
-8309.517456
-8548.105438
-8266.714172
-8418.060028
-8497.461945
-8367.469421
-8376.406128
-8402.706818
-8336.784607
-8341.187958
-8325.353058
-8305.377411
-8372.000824
-8143.588379
-8332.722687
-8335.993561
-8325.528351
-8324.262024
-8389.212769
-8377.340424
-8363.661316
-8384.185455
-8257.237244
-8319.043396
-8281.742249
-8299.974213
-8300.395477
-8300.008606
-8371.322784
-8262.899078
-8295.905670
-8281.023102
-8257.620422
-8275.522064
-8244.964203
-8288.342682
-8265.700317
-8288.730347
-8299.351959
-8283.756317
-8350.220490
-8294.152771
-8289.822784
-8261.635803
-8283.222290
-8287.500122
-8293.960449
-8327.623322
-8329.919281
-8270.819855
-8362.527100
-8307.504242
-8310.737976
-8345.851532
-8300.619537
-8310.591187
-8259.960175
-8327.318298
-8289.169739
-8249.940796
-8257.595459
-8262.221985
-8255.629883
-8243.769714
-8256.796173
-8264.533112
-8245.956055
-8273.382538
-8307.441895
-8290.722443
-8308.305084
-8314.955780
-8248.621735
-8271.917664
-8257.782135
-8320.693298
-8331.608307
-8368.774261
-8346.779266
-8329.659882
-8499.452667
-8459.162781
-8326.312439
-8306.914490
-8346.020599
-8649.257935
-8377.116211
-8254.805573
-8405.705109
-8389.038574
-8347.419464
-8400.709961
-8344.502380
-8238.605072
-8275.989075
-8263.922974
-8272.593414
-8265.286407
-8260.570435
-8268.285248
-8275.394012
-8268.023987
-8273.325104
-8302.311096
-8262.898163
-8282.678040
-8280.225342
-8247.225433
-8267.291443
-8279.159546
-8279.853729
-8281.013824
-8273.307770
-8279.482025
-8280.720062
-8283.456696
-8342.595947
-8351.538605
-8273.915619
-8273.803619
-8271.305603
-8277.121399
-8285.486725
-8272.856476
-8551.569794
-8256.977905
-8278.990082
-8276.859467
-8269.745911
-8282.808563
-8268.548248
-8247.227478
-8281.177673
-8252.549591
-8277.089233
-8248.961945
-8267.215424
-8239.287689
-8250.169556
-8303.258209
-8246.499817
-8283.273376
-8271.748749
-8278.225220
-8282.104248
-8252.973755
-8260.050995
-8289.335663
-8253.385132
-8263.229492
-8260.516083
-8251.217651
-8259.725159
-8265.214691
-8261.018127
-8286.681732
-8269.771973
-8263.804626
-8274.640350
-8271.888062
-8280.991760
-8307.333740
-8270.386688
-8276.368286
-8303.248566
-8280.325378
-8262.898651
-8266.335022
-8293.298553
-8312.848328
-8308.549042
-8299.813202
-8272.078735
-8320.532043
-8296.838104
-8310.502533
-8291.888550
-8276.506073
-8270.234344
-8328.645630
-8321.134644
-8309.362732
-8316.533783
-8299.070984
-8329.664856
-8264.539642
-8297.253357
-8263.533020
-8286.451538
-8274.244507
-8329.668396
-9626.462585
-8265.867188
-8272.177216
-8270.061737
-8292.088196
-8263.522491
-8303.037231
-8268.412292
-8274.177429
-8277.494934
-8316.346863
-8282.674927
-8270.593323
-8272.614960
-8272.982513
-8260.774902
-8295.377838
-8269.110992
-8246.059631
-8282.623718
-8261.246582
-8281.288422
-8269.002502
-8251.866302
-8262.678192
-8244.100525
-8246.479004
-8243.122101
-8265.087708
-8271.555450
-8279.888367
-8283.234833
-8264.894379
-8281.888428
-8253.225159
-8253.511261
-8279.060425
-8246.572052
-8248.827148
-8258.930603
-8254.650604
-8256.733490
-8266.202484
-8270.375305
-8287.860352
-8268.349396
-8262.809082
-8301.182983
-8316.923248
-8271.277161
-8241.972626
-8287.528900
-8249.519043
-8301.115967
-8262.186249
-8301.922150
-8245.939758
-8258.817291
-8265.928040
-8238.331757
-8243.503937
-8284.502167
-8283.458405
-8267.282410
-8275.592834
-8268.904755
-8271.988739
-8301.149994
-8261.671692
-8256.643707
-8248.530518
-8267.508667
-8253.356537
-8241.165253
-8245.087891
-8327.153687
-8305.286316
-8246.925903
-8262.203735
-8258.567291
-8253.135956
-8276.983063
-8398.665649
-8253.116272
-8256.635864
-8251.800568
-8289.239685
-8262.744171
-8271.917847
-8268.122437
-8262.283630
-8263.356567
-8265.351257
-8262.703888
-8260.324402
-8253.344299
-8264.199066
-8254.784119
-8257.912079
-8258.146149
-8262.682678
-8256.206299
-8256.351440
-8263.412750
-8259.516388
-8282.420197
-8259.183228
-8262.498901
-8255.332581
-8275.350189
-8257.409454
-8252.937469
-8259.027496
-8264.800018
-8252.628723
-8255.787964
-8247.598480
-8256.042603
-8254.584869
-8257.656982
-8251.873016
-8248.760620
-8257.133453
-8259.146454
-8263.663025
-8257.191864
-8259.390106
-8265.031311
-8255.270111
-8263.706024
-8251.329376
-8260.397430
-8255.458557
-8252.517334
-8254.115906
-8249.783844
-8246.577820
-8238.970581
-8245.829193
-8252.002899
-8245.760284
-8251.398224
-8253.298889
-8245.110291
-8235.381775
-8246.304291
-8249.597595
-8248.004425
-8248.217102
-8247.546417
-8257.661865
-8259.764832
-8253.782745
-8248.677368
-8251.900604
-8239.020508
-8243.294128
-8256.843323
-8247.497986
-8245.005493
-8250.792664
-8258.367676
-8245.981293
-8243.150146
-8248.975952
-8237.480255
-8253.587280
-8246.005646
-8255.425323
-8250.618927
-8251.555908
-8257.368530
-8251.612976
-8263.579254
-8243.097321
-8256.767761
-8255.925995
-8253.798065
-8251.557495
-8249.405365
-8258.927063
-8247.270233
-8256.496094
-8245.879120
-8253.806152
-8254.139740
-8251.556274
-8265.391602
-8259.877991
-8263.978607
-8257.169067
-8252.961029
-8261.023315
-8251.338715
-8253.662598
-8256.410492
-8253.823639
-8255.549530
-8260.526978
-8257.612457
-8251.909546
-8255.084167
-8249.997101
-8254.959167
-8255.355835
-8251.689758
-8250.324493
-8254.061401
-8262.326752
-8257.414764
-8259.522339
-8254.727966
-8264.089264
-8253.990540
-8254.992371
-8255.447510
-8274.719208
-8255.350159
-8264.035675
-8259.333832
-8260.825348
-8267.069611
-8259.970459
-8260.173889
-8255.123566
-8255.866913
-8259.871033
-8264.397064
-8268.593567
-8260.593811
-8255.742401
-8258.135132
-8267.463745
-8262.260590
-8260.759308
-8258.973785
-8267.488495
-8268.856171
-8269.350891
-8266.585114
-8264.605408
-8271.438049
-8261.269531
-8268.303101
-8257.989563
-8265.399567
-8262.868774
-8256.545013
-8254.393555
-8251.240845
-8256.388763
-8257.437286
-8249.422607
-8257.865265
-8253.468536
-8252.340668
-8249.912109
-8258.825226
-8254.070923
-8258.026947
-8254.283142
-8258.587830
-8258.639069
-8253.642181
-8254.422516
-8253.970734
-8250.826813
-8255.390198
-8256.445190
-8247.970306
-8256.212036
-8250.572937
-8249.569336
-8256.206085
-8250.160614
-8247.861145
-8250.643494
-8248.028442
-8250.939117
-8269.160950
-8248.915344
-8249.398132
-8272.227539
-8264.452087
-8278.584900
-8291.493866
-8275.716644
-8288.925598
-8263.852325
-8286.833191
-8254.421265
-8277.414215
-8257.662109
-8265.298676
-8262.054749
-8283.511749
-8267.622650
-8265.242065
-8249.419250
-8256.591614
-8272.100891
-8265.593567
-8258.637970
-8257.877838
-8256.979797
-8250.968048
-8272.762695
-8255.781952
-8261.920105
-8252.099426
-8288.488403
-8251.026123
-8287.489532
-8286.700470
-8262.469757
-8252.719299
-8267.102356
-8262.361420
-8254.430420
-8264.925171
-8270.032684
-8266.097351
-8252.425079
-8256.836761
-8252.770599
-8266.023743
-8264.385437
-8257.614044
-8246.331055
-8270.772125
-8255.024933
-8256.435059
-8270.951111
-8254.772217
-8255.709290
-8255.562653
-8254.305328
-8253.622498
-8252.823975
-8254.044586
-8258.413208
-8288.374146
-8272.696289
-8268.727753
-8325.900909
-8293.472565
-8272.603302
-8326.711792
-8298.725220
-8340.588867
-8407.975739
-8406.243103
-8509.692017
-8378.194244
-8591.467224
-8411.048950
-8365.924683
-8318.168457
-8365.751984
-8385.258423
-8347.745728
-8384.975525
-8192.148224
-8301.001190
-8394.157471
-8347.679565
-8422.394043
-8431.405273
-8346.289886
-8210.835052
-8056.389618
-8181.517487
