0.000000
-7386.493774
-7273.487610
-7571.230103
-7569.075531
-7342.485260
-7281.129028
-7210.342712
-7203.464142
-7226.701233
-7199.227783
-7196.530396
-7196.569611
-7198.976990
-7190.088196
-7194.819611
-7210.240845
-7210.656250
-7203.071991
-7219.161652
-7192.651031
-7208.221008
-7198.829773
-7201.870728
-7190.445648
-7212.080078
-7197.191315
-7200.889709
-7200.057495
-7201.852203
-7193.918854
-7209.459839
-7192.601685
-7208.604919
-7210.539917
-7207.628540
-7215.794800
-7204.357361
-7193.588013
-7207.799500
-7211.659760
-7233.063965
-7218.467194
-7225.176056
-7201.947693
-7228.508423
-7211.044495
-7213.511475
-7199.782043
-7218.548248
-7235.016449
-7216.662964
-7240.746643
-7212.556488
-7235.269440
-7208.032410
-7295.912628
-7248.360535
-7208.084534
-7240.526093
-7237.508789
-7240.682281
-7240.461914
-7255.145416
-7291.170807
-7364.020935
-7210.607178
-7236.101624
-7283.717621
-7224.138519
-7268.424530
-7248.600555
-7280.684662
-7277.567108
-7228.218079
-7274.493408
-7276.138672
-7288.201935
-7244.831757
-7333.453613
-7299.513916
-7231.886169
-7313.638367
-7257.388123
-7276.147919
-7266.727966
-7209.919617
-7244.963348
-7346.522614
-7290.129578
-7334.425079
-7238.605408
-7262.902710
-7329.814575
-7211.125092
-7313.102173
-7381.103119
-7256.355804
-7312.970032
-7252.027039
-7282.000092
-7363.576935
-7361.823669
-7276.720062
-7300.498474
-7282.105377
-7360.227417
-7355.962433
-7290.914001
-7337.447937
-7286.530945
-7325.428864
-7239.166138
-7358.831207
-7205.420471
-7249.509064
-7250.620087
-7290.622437
-7236.581055
-7293.125580
-7388.185944
-7295.868011
-7439.616302
-7308.848938
-7371.758636
-7344.558167
-7368.889160
-7270.690552
-7289.172272
-7299.737366
-7224.488922
-7211.579773
-7216.009583
-7288.436188
-7389.295563
-7484.055908
-7321.108673
-7202.853210
-7222.665344
-7216.903290
-7227.506470
-7225.398468
-7218.405884
-7213.608307
-7261.050720
-7225.878601
-7319.459717
-7219.454163
-7224.380127
-7227.077209
-7268.719727
-7363.098846
-7220.944763
-7298.890900
-7220.927734
-7213.481720
-7229.963409
-7245.618713
-7233.467163
-7253.756226
-7266.274872
-7281.923462
-7253.815552
-7286.162201
-7225.797546
-7301.969055
-7209.067352
-7242.039154
-7219.399384
-7280.068756
-7290.770874
-7219.699829
-7309.249664
-7238.929413
-7264.231720
-7435.743103
-7220.231964
-7264.133148
-7203.625732
-7271.366180
-7234.125214
-7265.403259
-7226.879333
-7207.363312
-7214.424072
-7202.372223
-7214.417816
-7244.898651
-7232.388184
-7283.557068
-7260.536713
-7271.954224
-7253.129608
-7231.750122
-7243.350098
-7222.692444
-7225.408661
-7243.490753
-7309.333618
-7243.032837
-7228.474426
-7251.658447
-7258.787445
-7229.506836
-7210.787170
-7337.241486
-7242.246399
-7270.237915
-7244.371521
-7229.489563
-7236.506439
-7330.044403
-7283.346375
-7243.122009
-7243.306274
-7219.956757
-7245.430878
-7244.486084
-7323.488281
-7213.527649
-7259.995758
-7232.190186
-7197.295288
-7264.913971
-7236.997284
-7247.909119
-7260.656036
-7237.543518
-7276.241730
-7245.617371
-7231.886444
-7165.065704
-7315.116150
-7246.689667
-7248.844330
-7200.537109
-7251.740295
-7243.237152
-7230.670746
-7241.294922
-7192.923523
-7186.718384
-7216.775970
-7188.285492
-7220.550537
-7223.111603
-7223.261139
-7227.757538
-7244.805969
-7224.213776
-7233.349854
-7251.476624
-7220.219788
-7236.905212
-7204.881866
-7195.374847
-7219.431213
-7204.905579
-7231.008820
-7193.257751
-7198.389893
-7186.116058
-7127.233276
-7223.959473
-7252.753845
-7162.293762
-7186.890076
-7157.152466
-7170.987976
-7238.403442
-7247.125183
-7471.177399
-7464.947266
-7621.366547
-7429.450012
-7427.394196
-7226.987457
-7070.032593
-7289.597565
-7168.308777
-7237.122681
-7240.329559
-7208.984314
-7114.293427
-7199.586639
-7072.303162
-7208.075226
-7246.137604
-7355.124847
-7166.135498
-7222.211823
-7175.640900
-7161.302063
-7849.236511
-7669.767303
-7270.577393
-7435.054596
-7627.796173
-7624.634674
-7937.662567
-7635.341949
-7671.199127
-7813.405243
-7672.570190
-7296.355469
-7176.865631
-7198.609131
-7256.204132
-7262.725983
-7207.311554
-7160.517700
-7155.487976
-7246.474609
-7205.288452
-7204.414490
-7193.317688
-7163.607666
-7256.770447
-7211.947754
-7173.048157
-7254.589661
-7164.177917
-7199.399719
-7214.908234
-7224.956055
-7209.501984
-7152.378937
-7212.454407
-7184.901093
-7217.394196
-7229.498108
-7152.948792
-7147.041229
-7281.879669
-7233.016754
-7197.320526
-7229.244598
-7322.732788
-7333.385559
-7478.598816
-7180.089996
-7178.814117
-7621.986084
-7381.032959
-7373.056915
-7482.542236
-7594.961151
-7192.168152
-7598.232422
-7668.129303
-7189.845642
-7615.690216
-7696.219604
-8145.093506
-7646.416443
-7642.298615
-7634.827942
-7690.341980
-7695.936798
-7570.900391
-7683.170074
-7703.056000
-7623.896637
-7637.689392
-7605.211884
-7618.420837
-7579.486633
-7607.604675
-7611.546234
-7882.814301
-7614.933868
-7690.030548
-7688.955902
-7619.420990
-7571.637451
-7598.870544
-7646.623596
-7641.010529
-7671.147827
-7826.794586
-7891.138977
-7666.052521
-7642.083099
-7616.842957
-7596.741180
-7598.877899
-7634.288055
-7632.071198
-7669.906067
-7846.914246
-7404.114258
-7872.402130
-7463.218994
-8087.083435
-7882.151428
-7372.867706
-7888.529694
-7532.067932
-7394.098663
-7373.410187
-7935.774109
-7344.052338
-7289.711853
-7385.902740
-7708.114258
-7607.816528
-7464.096649
-7632.903137
-7555.172577
-7291.760864
-7600.839172
-7583.401489
-7703.280273
-7555.850586
-7582.837799
-7620.114868
-7624.154083
-7595.120605
-7806.782684
-7584.562195
-7595.896149
-7552.894501
-7473.795105
-7330.093231
-7222.644135
-7334.263153
-7217.648254
-7209.288635
-7227.672272
-7205.551453
-7216.893036
-7208.705841
-7232.435913
-7304.643005
-7239.685852
-7267.132690
-7356.205109
-7249.808258
-7228.508118
-7225.411407
-7213.637482
-7235.500092
-7285.569611
-7228.319458
-7230.858185
-7317.572144
-7345.841064
-7219.364349
-7306.178223
-7214.417938
-7244.634430
-7272.727386
-7301.210022
-7226.108856
-7298.722107
-7353.936737
-7238.938232
-7311.531738
-7267.643616
-7213.402649
-7260.934906
-7254.391785
-7385.020660
-7254.043854
-7238.556885
-7225.872375
-7273.708069
-7225.592590
-7398.836700
