0.000000
-8732.722870
-8780.685028
-8766.520966
-8738.394409
-8722.824463
-8839.200897
-8672.979370
-8415.348053
-8659.681396
-8686.784302
-8640.313202
-8512.341400
-8541.875732
-8611.815887
-8676.721466
-8404.917511
-8392.124207
-8722.115265
-8713.382080
-8642.322418
-8209.076111
-8623.621918
-8462.663055
-8457.482574
-8601.410980
-8590.266235
-8653.850952
-8705.655029
-8694.420074
-8510.044678
-8552.430695
-8643.947968
-8612.523743
-8734.776123
-8689.947632
-8888.498779
-8609.399841
-8643.299866
-8627.916870
-8679.327423
-8550.623993
-8527.504242
-8528.766968
-8528.199432
-8538.319611
-8517.830872
-8536.196045
-8551.053711
-8515.774292
-8305.691742
-8578.026306
-8543.631012
-8689.098572
-8756.318420
-8389.664948
-8848.036255
-8523.431793
-8683.122070
-8726.900879
-8590.544830
-8678.698242
-8369.270020
-8616.259003
-8559.555359
-8773.886047
-8668.349945
-8725.074371
-8655.884155
-8598.693420
-8543.059570
-8418.673859
-8397.898743
-8425.386139
-8491.177185
-8329.845062
-8358.407654
-8395.110748
-8370.780609
-8502.251251
-8078.693329
-8441.522064
-8362.343811
-8474.995117
-8551.969604
-8477.016998
-8138.414490
-8195.057678
-8144.208679
-8394.310638
-8107.863983
-8208.564484
-8455.877472
-8456.000519
-8532.891663
-8470.299500
-8477.005981
-8449.937958
-8419.942566
-8477.872681
-8392.620209
-8455.409515
-8310.526947
-8572.982849
-8580.174164
-8333.910492
-8742.972931
-8519.960999
-8429.216003
-8681.586517
-8704.615784
-8667.654846
-8731.876923
-8680.331238
-8773.247223
-8394.941803
-8463.193817
-8416.500122
-8463.259888
-8506.691345
-8426.035278
-8456.583496
-8396.880249
-8389.305908
-8710.733398
-8827.606873
-8728.514557
-8664.387756
-8660.698242
-8599.204834
-8559.775452
-8634.982391
-8635.330750
-8829.623596
-8699.144562
-8914.871399
-8740.071411
-8869.261780
-9099.769897
-8842.172119
-8477.702942
-8461.161072
-8855.244598
-8868.968964
-8804.154877
-8943.493439
-8648.448975
-8519.586975
-8515.197571
-8852.862213
-8938.188568
-8365.799622
-8546.877197
-8522.846283
-8721.998077
-8608.997864
-8789.971161
-8661.628784
-8724.112579
-9038.049469
-8813.604553
-8684.361176
-8558.908630
-8453.112183
-8609.722809
-9046.013916
-8747.287811
-8586.656708
-8651.984894
-8550.559570
-8938.573242
-8690.726898
-8484.922638
-8592.001312
-8779.744049
-8725.825134
-8524.113770
-8761.341797
-8849.448334
-9088.939514
-9284.606598
-8772.172272
-8748.497162
-9217.856567
-9064.928070
-8612.580017
-9119.756073
-8384.697937
-8417.518646
-8611.243896
-8455.216888
-8420.075989
-8470.658997
-8463.088470
-9032.956390
-9043.775696
-9068.089081
-9062.138397
-9027.642700
-8913.280670
-9047.477570
-9058.954163
-9093.738007
-8806.621399
-9063.949921
-9107.098267
-9039.059723
-8998.516296
-9141.678741
-9103.324554
-9076.608978
-8685.965729
-8633.284332
-9198.605408
-9123.552338
-8943.888153
-9054.014343
-9158.158356
-8653.262817
-8593.685669
-9084.740662
-9184.328827
-9338.817688
-9224.009399
-8786.574554
-9202.501099
-9222.760468
-8932.937012
-8976.026337
-8630.606293
-8976.874512
-8592.133636
-9163.665466
-9390.952362
-9156.274567
-9238.545959
-9008.679688
-8574.486450
-9013.938385
-9145.915070
-9013.465210
-9174.523163
-8878.791077
-9232.115051
-9266.342590
-8975.852356
-8994.393829
-8531.001495
-8571.395599
-8660.162903
-8736.439911
-9111.319550
-8784.269836
-8874.277985
-8488.905212
-8438.827850
-9002.422699
-8695.261719
-8550.245880
-8601.361725
-8888.904663
-8548.475739
-8492.973816
-8526.373627
-8698.818085
-8553.507690
-8588.201782
-8699.653137
-8784.467438
-8855.314636
-8564.450470
-8812.191437
-8885.866241
-8752.336823
-8812.422974
-8523.359711
-8731.335602
-8686.555634
-8550.563507
-8642.405243
-8575.046265
-8532.216461
-8571.057953
-8741.296478
-8668.984283
-8662.048828
-8690.261810
-8569.583832
-8597.700714
-8776.790619
-8647.201935
-8750.314270
-8545.580597
-8799.624298
-8614.441864
-8594.963623
-8538.811157
-8559.403687
-8573.910767
-8450.704956
-8496.403748
-8584.359772
-8496.208008
-8575.110291
-8614.224579
-8570.254822
-8549.402924
-8247.470581
-8560.359100
-8576.451569
-8584.494293
-8568.480408
-8772.422760
-8249.828217
-8563.322235
-8660.201721
-8583.299042
-8540.310883
-8534.585663
-8538.124756
-8549.223511
-8546.564148
-8533.428467
-8554.333527
-8555.645477
-8554.705109
-8553.041229
-8568.738190
-8541.651398
-8547.245148
-8556.622711
-8544.459595
-8541.451324
-8539.084534
-8551.450195
-8571.912598
-8737.179993
-8623.323456
-8747.065002
-8686.669434
-8557.192657
-8529.623352
-8720.441193
-8523.014740
-8705.527466
-8755.495972
-8730.306854
-8610.805878
-8620.543915
-8603.206116
-8611.832581
-8665.250275
-8538.667206
-8558.736328
-8570.770874
-8523.394165
-8525.490509
-8581.153503
-8781.237915
-8723.091980
-8556.222107
-8591.784393
-8609.988312
-8506.312805
-8498.803253
-8556.619415
-8491.788696
-8516.890564
-8507.850494
-8503.752655
-8599.892670
-8809.848541
-9828.007294
-8758.412842
-8795.135010
-8633.672211
-8746.573761
-8598.164612
-8661.502747
-8642.532684
-8792.154755
-8682.396973
-8678.232758
-8628.787567
-8749.825500
-8645.227234
-8688.992981
-8659.199188
-8700.960602
-8665.545868
-8778.883362
-8679.739838
-8752.310547
-8697.988281
-8785.782013
-8682.662720
-8632.827667
-8651.609161
-8719.535309
-8711.660614
-8678.764771
-8683.902710
-8724.058990
-8658.598663
-8747.107025
-8743.980286
-8744.206512
-8659.075287
-8709.978485
-8720.697205
-8696.593597
-8804.605194
-8725.604523
-8772.137482
-8724.305756
-8582.985168
-8671.952698
-8736.954010
-8755.158875
-8805.684875
-8731.295563
-8685.494690
-8676.307343
-8632.611725
-8763.118713
-8701.828094
-8696.346558
-8636.435333
-8611.269379
-8741.908508
-8736.030975
-8686.458893
-8783.004883
-8677.451324
-8718.106018
-8652.387878
-8632.024567
-8672.426605
-8708.048035
-8612.411957
-8819.497925
-8627.407166
-8646.517517
-8731.982452
-8654.881775
-8736.518158
-8776.535431
-8737.439362
-8733.888031
-8817.085724
-8687.031647
-8712.089478
-8705.855255
-8842.535828
-8711.836731
-8557.331482
-8574.142853
-8729.473175
-8639.730621
-8526.124084
-8808.951874
-8620.233673
-8732.442139
-8511.271729
-8582.196411
-8553.168823
-8546.161560
-8538.221954
-8719.417145
-8537.815308
-8718.181091
-8540.327423
-8574.375793
-8547.835876
-8550.992523
-8579.957397
-8543.621094
-8812.822998
-8530.717712
-8535.752319
-8561.748718
-8528.262177
-8537.909790
-8588.325043
-8569.740906
-8515.172638
-8527.001801
-8596.538422
-8541.299622
-8549.037598
-8547.488617
-8530.273193
-8805.760101
-8701.401764
-8495.529297
-8657.975433
-8549.337311
-8610.143280
-8696.804413
-8527.115417
-8706.197418
-8586.192688
-8577.465240
-8796.070312
-8553.129547
-8629.055664
-8780.400787
-8574.544983
-8670.665741
-8838.262329
-8783.452637
-8799.846710
-8526.574066
-8599.250122
-8526.144592
-8535.730408
-8560.610901
-8557.258575
-8541.879120
-8591.165863
-8522.849121
-8532.079376
-8647.610291
-8530.124054
-8524.741302
-8547.629425
-8519.943359
-8575.270386
-8555.345551
-8544.458801
-8692.996674
-8517.808929
-8523.890228
-8522.194275
-8514.862549
-8516.197479
-8530.207245
-8542.333282
-8538.888428
-8532.977264
-8518.950226
-8609.392883
-8532.570709
-8531.507416
-8520.851440
-8550.915100
-8524.794922
-8578.939575
-8548.342224
-8546.131073
-8518.053528
-8601.287445
-8581.410309
-8525.012482
-8553.021088
-8544.954651
-8648.371368
-8521.686951
-8531.964508
-8505.913696
-8491.321869
-8628.462769
-8516.669891
-8549.155548
-8524.991608
-8544.197601
-8535.339539
-8580.745880
-8577.191193
-8498.307587
-8600.228699
-8549.606445
-8524.801666
-8517.598358
-8582.026215
-8578.072235
-8523.529907
-8517.754883
-8552.967682
-8654.358368
-8506.333740
-8526.368103
-8505.950348
-8522.581329
-8543.450745
-8514.670471
-8819.061829
-8600.242096
-8901.288635
-8530.174133
-8549.496338
-8519.584076
-8651.258026
-8545.718719
-8532.845551
-8497.638977
-8502.189392
-8501.347015
-8495.699799
-8503.289093
-8514.281128
-8497.811493
-8504.198792
-8497.104126
-8501.935150
-8504.054657
