0.000000
-131.149551
-120.865089
-122.823006
-103.767357
-127.339790
-99.605072
-122.392120
-84.947174
-101.641151
-98.325859
-99.410675
-96.912254
-127.521706
-98.641205
-101.023186
-114.933243
-118.809486
-100.885727
-110.567169
-88.066353
-93.366287
-112.791161
-123.506676
-129.188400
-86.544357
-103.281311
-116.385094
-126.494270
-123.317154
-113.098152
-116.862419
-119.851440
-115.227272
-130.065247
-92.596558
-114.540840
-104.922020
-104.228149
-117.282379
-121.868843
-90.416222
-127.967018
-121.710487
-120.713570
-131.198425
-127.312126
-104.433861
-101.022552
-102.348656
-88.554337
-125.583694
-116.756767
-124.202393
-93.376617
-91.290359
-110.973289
-114.464981
-116.068634
-113.616623
-89.012978
-86.025246
-116.152916
-123.247055
-123.697868
-80.994858
-111.980171
-123.893044
-87.396980
-92.196510
-121.597366
-87.783554
-122.658051
-101.977180
-117.866898
-78.615028
-77.100830
-88.563705
-129.293594
-110.354416
-121.799294
-81.904129
-97.711288
-123.983017
-128.907379
-122.757042
-130.201019
-126.383202
-69.355400
-111.713821
-93.297180
-129.853485
-112.281181
-97.920403
-87.836365
-131.393646
-90.710487
-126.211975
-120.510590
-73.221588
-106.320930
