0.000000
-110.654968
-136.779587
-118.252380
-118.178818
-125.721786
-134.018509
-118.313484
-118.171150
-118.371979
-124.266647
-118.089874
-123.075523
-121.704521
-118.280098
-118.167137
-118.149437
-128.792786
-118.310242
-117.774124
-126.456085
-117.263741
-123.147194
-118.279549
-118.234818
-118.234619
-118.284645
-129.259354
-125.500565
-118.284126
-118.278397
-115.024147
-133.111374
-126.405869
-116.635582
-118.265945
-118.253716
-118.234207
-118.148079
-125.539543
-118.281075
-117.424217
-115.569542
-131.765289
-118.228867
-118.182968
-101.579727
-94.491653
-97.630043
-118.276863
-108.263069
-121.108192
-89.647926
-120.125580
-114.613647
-116.119713
-108.205780
-106.581421
-127.874611
-126.236649
-121.095917
-135.711655
-118.266754
-106.311317
-121.508080
-132.382812
-134.941757
-121.878929
-118.295837
-123.062508
-118.306183
-131.255234
-117.180542
-116.743881
-118.309601
-117.869606
-133.260361
-124.875580
-118.267220
-121.105789
-130.490921
-118.287254
-119.964844
-106.874924
-118.226624
-128.152298
-118.628838
-132.574265
-126.392044
-96.018593
-131.441147
-132.852188
-126.420349
-122.847969
-129.657333
-131.990616
-130.486954
-135.735870
-132.354752
-92.155251
-80.306206
