0.000000
-120.085945
-119.207687
-121.528091
-71.311913
-111.741356
-114.877136
-120.994911
-112.078583
-112.996895
-120.929047
-109.606178
-110.173012
-121.989059
-80.860359
-124.408890
-111.477074
-78.105850
-85.201080
-118.304497
-124.366104
-95.969368
-118.752457
-118.206734
-73.680412
-87.714500
-118.676559
-81.745392
-131.480392
-113.559952
-95.440117
-114.067818
-77.929367
-73.695999
-87.492302
-120.077942
-127.547638
-125.777527
-97.596367
-125.108070
-118.225456
-89.107719
-125.626205
-123.361122
-103.496849
-118.748268
-75.729790
-97.889435
-123.448814
-100.887222
-138.692154
-118.271721
-130.496933
-131.523544
-96.550011
-72.665222
-126.182289
-117.992058
-126.842278
-66.193428
-122.703995
-122.397995
-118.286964
-83.234352
-122.373131
-118.078621
-118.313484
-127.198708
-121.966606
-118.283173
-138.728378
-127.998665
-129.433426
-141.448471
-136.356796
-128.874908
-125.437851
-118.200699
-127.516495
-118.068100
-119.744232
-132.679993
-116.501846
-114.885361
-118.266624
-118.255066
-125.696442
-124.676262
-118.187500
-118.278343
-118.218864
-118.308563
-124.493454
-118.278725
-134.424866
-121.468124
-119.605522
-118.208267
-122.671402
-121.969521
-118.241280
