0.000000
-131.149109
-116.844246
-92.241951
-81.069824
-94.585793
-127.745239
-114.924873
-123.039200
-111.291977
-118.195328
-117.671234
-120.363968
-130.388992
-132.517410
-118.808556
-118.291718
-118.255005
-118.192513
-117.854065
-120.422073
-117.852928
-116.795486
-135.593674
-117.426872
-118.093285
-117.972717
-118.279167
-118.063156
-118.286354
-114.901688
-118.283722
-116.798943
-116.522713
-115.569946
-123.999870
-116.299454
-115.758163
-123.820747
-116.154289
-130.896637
-115.244247
-117.895149
-117.979767
-117.688225
-130.151733
-118.970215
-118.241928
-118.231316
-115.832443
-115.037331
-134.683731
-120.005524
-117.496025
-121.167870
-144.346130
-126.421768
-62.891716
-125.814644
-118.272774
-123.684929
-117.738487
-118.167328
-118.247215
-112.111145
-66.348953
-118.266907
-128.883575
-118.222939
-118.140160
-129.217270
-91.054153
-113.095665
-119.010452
-118.266701
-118.258797
-131.151367
-105.094505
-119.159164
-98.934799
-117.283394
-67.548317
-116.127319
-65.491837
-126.913841
-140.770264
-108.390823
-99.311043
-113.040779
-67.142563
-65.420792
-118.278503
-74.828453
-122.309387
-99.720734
-127.156090
-75.779022
-102.900093
-127.788933
-88.280075
-65.367744
