0.000000
-130.679016
-118.429512
-100.477707
-114.088005
-130.837753
-94.040268
-72.356400
-106.267609
-130.913376
-134.613281
-136.238358
-68.909981
-89.566315
-110.982185
-106.679794
-85.361168
-88.401390
-119.774376
-79.994690
-96.583862
-94.678146
-68.309837
-109.289536
-130.479553
-97.779800
-134.189804
-93.926041
-135.978653
-124.358704
-121.936836
-131.472794
-131.671585
-123.146835
-119.011398
-111.698814
-107.971107
-128.142700
-124.672050
-105.743927
-80.758072
-94.560829
-104.890755
-100.387924
-125.152550
-117.766090
-106.363754
-92.635231
-74.292229
-84.096298
-118.835503
-110.541840
-87.407837
-120.131073
-127.153557
-130.027237
-98.414886
-94.811333
-91.348579
-122.184784
-117.761078
-118.277145
-85.391640
-125.204582
-102.881050
-90.891228
-132.613220
-121.113876
-131.871399
-125.018845
-122.835205
-118.262756
-122.886368
-91.511208
-117.239441
-75.579109
-123.734093
-118.117874
-84.118706
-105.502640
-117.990463
-118.198006
-128.663528
-118.170021
-124.820465
-116.103378
-126.325768
-119.547279
-118.270920
-116.571419
-130.971634
-118.161804
-123.365784
-119.797272
-118.239761
-115.347054
-118.241562
-107.458298
-122.710075
-132.619232
-118.198830
