0.000000
-118.277878
-120.831306
-126.183472
-116.324974
-109.170959
-108.501396
-104.108025
-89.959770
-109.395767
-115.258209
-85.728851
-96.205215
-83.068291
-127.802475
-72.732864
-129.307327
-124.583748
-118.952293
-108.650742
-124.363831
-125.612923
-125.640541
-68.264725
-89.375763
-100.149231
-109.608566
-130.821503
-112.085381
-82.324013
-97.424797
-117.955986
-136.834015
-131.265289
-116.095299
-132.227600
-113.545609
-100.062965
-88.273636
-124.008644
-118.790451
-127.415642
-133.352386
-68.866676
-117.221161
-96.144356
-71.745209
-130.985275
-121.924492
-112.000992
-96.179626
-116.832283
-82.350334
-81.734756
-127.880547
-108.153542
-129.069733
-123.284241
-73.964333
-76.318626
-70.087639
-109.282860
-87.006668
-110.961586
-79.897957
-66.917580
-118.281982
-128.747055
-117.099113
-125.544167
-118.094986
-118.134567
-119.862671
-118.288727
-116.795059
-129.252563
-118.522575
-117.890999
-117.859108
-117.643639
-118.210876
-118.235641
-118.262764
-122.143906
-108.182877
-88.244858
-115.641815
-77.286713
-117.826813
-89.853859
-118.275482
-117.926956
-120.838249
-130.641617
-119.760910
-118.250542
-118.145020
-112.824654
-116.189056
-128.883667
-136.630249
