0.000000
-113.808655
-122.970627
-118.112877
-118.192360
-118.162148
-118.281128
-118.285713
-118.166306
-118.048355
-120.167259
-124.075966
-118.180573
-118.274452
-117.670944
-118.011757
-118.015648
-124.895187
-131.627121
-117.568916
-117.997475
-118.739700
-129.902252
-133.754944
-120.316582
-117.837128
-135.478165
-120.219292
-131.593750
-118.309181
-117.928497
-119.214607
-128.727646
-124.818092
-118.294632
-118.816978
-128.948273
-118.303474
-130.645264
-120.515282
-118.109604
-125.432159
-127.093552
-117.386261
-123.253922
-131.126755
-134.162842
-134.659454
-118.343689
-118.180801
-120.208847
-129.244171
-118.163887
-125.112526
-124.312569
-117.941513
-118.274834
-119.331535
-118.131386
-124.537537
-118.310287
-117.055649
-132.839066
-133.167404
-118.253204
-118.311417
-117.668892
-134.376694
-117.977798
-132.506714
-134.649887
-120.299950
-134.432007
-118.271118
-131.062119
-118.227425
-118.135696
-121.549095
-133.379013
-118.294350
-118.661301
-118.289352
-121.024925
-123.409142
-118.557281
-129.986725
-118.281548
-118.157875
-118.893074
-134.862686
-141.182007
-119.203735
-117.918831
-73.152023
-118.284233
-124.723892
-117.848686
-128.182114
-91.220451
-118.244606
-118.140976
