0.000000
-135.378510
-118.235992
-81.172562
-133.630829
-118.264839
-118.303398
-129.594254
-118.277794
-117.961510
-117.690819
-129.600021
-116.937141
-118.226723
-118.312668
-126.258034
-129.441177
-118.238899
-129.551071
-120.266769
-128.891830
-117.542580
-116.455765
-125.233345
-117.968147
-116.736351
-117.858078
-118.303642
-117.592598
-118.251633
-115.093666
-118.208008
-115.083939
-116.562637
-116.620522
-117.314758
-115.745583
-124.649933
-118.250481
-117.665298
-118.213959
-124.345840
-117.071976
-136.179077
-117.674217
-117.740799
-118.285583
-116.939743
-116.359573
-116.250900
-118.274948
-118.277603
-116.211128
-125.598518
-116.220505
-116.014320
-125.911728
-118.205574
-117.173203
-116.835625
-115.670105
-118.169991
-117.687103
-115.493881
-117.649124
-118.228966
-115.076073
-117.749939
-118.153976
-118.135651
-115.615700
-117.068459
-117.470741
-118.054832
-117.727180
-116.989655
-118.199516
-118.219147
-109.681007
-81.815720
-118.994881
-116.774757
-118.282936
-132.849945
-126.105103
-118.287422
-140.395035
-118.094330
-113.800690
-66.720299
-118.293037
-118.295815
-123.073097
-118.167419
-88.741531
-83.030113
-125.085548
-125.453140
-77.553185
-118.310593
-118.307137
