0.000000
-111.748787
-115.664459
-118.306892
-134.538193
-117.103554
-117.661560
-118.252533
-117.560844
-125.582726
-122.687614
-121.883583
-119.175064
-134.403519
-118.138680
-118.185837
-118.914291
-118.246834
-130.857635
-118.587914
-118.198891
-123.244514
-118.318703
-118.196785
-115.533272
-131.351532
-84.250710
-117.638969
-118.034622
-110.515251
-109.234871
-115.833572
-121.839180
-130.163208
-127.098114
-118.278366
-119.582420
-125.217484
-112.288841
-123.208618
-125.456604
-108.318871
-129.578064
-121.449966
-112.480392
-124.332748
-120.682465
-105.513962
-133.721481
-101.245338
-107.891037
-128.842621
-119.053558
-128.804367
-125.516068
-134.861786
-118.321800
-118.461555
-119.350166
-123.284554
-121.739555
-119.798111
-122.498253
-120.286270
-133.437561
-115.625557
-133.015564
-127.719757
-113.915733
-121.168671
-107.990547
-128.752670
-124.383141
-131.537933
-80.734261
-130.561874
-126.837410
-123.723267
-132.863953
-115.103493
-118.597031
-117.564720
-120.654243
-133.799713
-135.714279
-118.194557
-104.810936
-119.350525
-123.987816
-111.937042
-123.163841
-126.786026
-116.298508
-108.113907
-134.519226
-118.284607
-122.381676
-133.895889
-118.281441
-118.293457
-129.565659
