0.000000
-137.080566
-138.931366
-118.271950
-120.423683
-117.288513
-129.958954
-118.313850
-118.306107
-123.327278
-118.278786
-118.127731
-115.830482
-131.546341
-118.151558
-117.279594
-117.765953
-128.209763
-118.246490
-130.040649
-118.118553
-118.191521
-119.149109
-118.280281
-116.612328
-117.249733
-120.267502
-118.310875
-130.931870
-118.238800
-117.517334
-117.733086
-118.288643
-115.671486
-118.155571
-119.707031
-117.214149
-117.978645
-118.200912
-118.272736
-118.252975
-116.005470
-141.208313
-118.163467
-118.212883
-117.455956
-116.582748
-125.271843
-117.444031
-118.283180
-118.282784
-119.553963
-118.218384
-137.846298
-123.500687
-117.113708
-118.063011
-140.769714
-129.403763
-136.205521
-115.379242
-118.058823
-118.280334
-115.613220
-134.283936
-135.959930
-130.381256
-115.732704
-115.837708
-118.218910
-117.150017
-120.321251
-118.240959
-131.797043
-118.285393
-118.248657
-130.929337
-120.512024
-118.224213
-116.927521
-130.459183
-118.125847
-131.306976
-131.374573
-118.282516
-115.569466
-119.253693
-132.136520
-118.293503
-118.310326
-119.951340
-118.182014
-123.251472
-117.790871
-118.224266
-119.436829
-130.913193
-118.003693
-118.171181
-125.196259
-108.377251
