0.000000
-179.844832
-182.633861
-181.598462
-183.001834
-179.925111
-183.012645
-182.013719
-183.949787
-183.357713
-181.077166
-182.010112
-184.015622
-183.015887
-179.290670
-182.868973
-183.090874
-183.041579
-180.714746
-180.525611
-181.004769
-180.121114
-179.590863
-178.100963
-178.857913
-178.895222
-180.555110
-179.407424
-179.146431
-179.228984
-179.634362
-179.976827
-178.838148
-178.964145
-179.256599
-179.078694
-179.475114
-178.994460
-178.953201
-179.407521
-178.890311
-179.588623
-178.970996
-178.993798
-178.871648
-179.026920
-178.831983
-179.431952
-178.995474
-179.133687
-179.658671
-179.098430
-178.930852
-179.651864
-179.763827
-178.981195
-179.733188
-179.546755
-179.353794
-179.456720
-178.805714
-179.474464
-180.710344
-179.464686
-179.289659
-181.481934
-178.845906
-178.970508
-180.478051
-178.198044
-179.184402
-181.845390
-181.729445
-180.261020
-178.745156
-180.894702
-181.449478
-182.255252
-183.361318
-181.110965
-180.654843
-180.743752
-179.406504
-179.495550
-179.059210
-179.253591
-179.036893
-179.113403
-180.515574
-183.209053
-183.734873
-182.274178
-183.562611
-183.359299
-181.717727
-183.533155
-183.575853
-179.744349
-179.301585
-179.068825
-178.953720
-178.439311
-180.332663
-179.113664
-180.647470
-178.963566
-178.990281
-179.185373
-179.032134
-180.277174
-179.315825
-179.380053
-179.874415
-179.302677
-179.531143
-179.148548
-180.677867
-179.790991
-176.578869
-179.912189
-179.191895
-177.204233
-180.585314
-176.769702
-180.112225
-180.759592
-179.477057
-179.988856
-178.955365
-179.780130
-179.371603
-179.372492
-180.284939
-179.993983
-181.141002
-180.405095
-179.484195
-179.468865
-178.924093
-178.970005
-178.464504
-179.941240
-180.417065
-179.569111
-179.594054
-180.021253
-178.766231
-179.212092
-180.534336
-180.344132
-179.040638
-180.075713
-179.763484
-179.183014
-179.521544
-179.550681
-179.008990
-178.945443
-178.808580
-179.254775
-180.661273
-179.010237
-179.139313
-179.149429
-178.924283
-180.302328
-178.651074
-180.055256
-179.095737
-179.300906
-179.336548
-178.996308
-179.215162
-179.430492
-179.263101
-180.015584
-179.514088
-179.966604
-179.331003
-179.136537
-177.997276
-179.157582
-179.718725
-179.384976
-179.515524
-179.782331
-179.601889
-179.457816
-179.330688
-179.583103
-179.347864
-179.209036
-179.367458
-180.016939
-179.587630
-179.483932
-179.364626
-179.064490
-180.592425
-179.081683
-179.517990
-179.126863
-179.929506
-179.543987
-179.241772
-179.450816
-179.419145
-179.344551
-178.914023
-179.243032
-179.088956
-178.992140
-179.266184
-179.112752
-179.017808
-179.004886
-179.286117
-179.020587
-179.499401
-180.332932
-179.200504
-180.949492
-179.825151
-180.131810
-180.982420
-179.572771
-182.482788
-178.645507
-179.156854
-179.277704
-178.891599
-180.117814
-179.286048
-182.336999
-182.888939
-184.458388
-182.568718
-179.964745
-181.065145
-179.160843
-179.188031
-183.654497
-182.788118
-183.349301
-184.292373
-179.700259
-180.152520
-179.793850
-180.432766
-178.981256
-179.395527
-179.829233
-179.303349
-179.690753
-179.223262
-179.606123
-179.340242
-179.547947
-179.131115
-179.112813
-179.318714
-178.975356
-181.325629
-179.595436
-179.442412
-179.575420
-179.421000
-178.981511
-180.495754
-179.553325
-180.208207
-181.048054
-179.552898
-180.351797
-182.112401
-179.564597
-179.131691
-179.581646
-179.486613
-179.117632
-178.584033
-180.789316
-180.177944
-180.737955
-179.093926
-180.317428
-179.438824
-179.389295
-179.222810
-180.096364
-179.224838
-179.295257
-179.498355
-179.497568
-179.279733
-179.358971
-179.569217
-179.623478
-179.292496
-179.149565
-179.373086
-179.752554
-179.352638
-179.284228
-179.168555
-179.451259
-180.307998
-179.343533
-180.152295
-180.359184
-179.300652
-179.899232
-179.343214
-179.138732
-179.367086
-179.383765
-179.407689
-179.354082
-180.000886
-179.323760
-179.493607
-179.428325
-179.413219
-179.196050
-179.450461
-179.281471
-180.472108
-179.483158
-180.170684
-179.214349
-179.419433
-179.265390
-179.916232
-179.425726
-179.674514
-179.248712
-179.285783
-179.812372
-179.343405
-179.712049
-179.171770
-179.665961
-179.230225
-180.305102
-179.392551
-179.207454
-179.477382
-179.036709
-179.097544
-179.180432
-178.959615
-179.096146
-179.593287
-179.965704
-179.508542
-179.508703
-179.088285
-179.284004
-179.659002
-179.791308
-179.189454
-179.217784
-179.218305
-178.955170
-179.066616
-179.172010
-179.244340
-179.195759
-178.886069
-179.099719
-179.295820
-179.157438
-179.166907
-179.343104
-179.267519
-179.629198
-179.592676
-179.588866
-179.470221
-179.346488
-179.741993
-179.558129
-179.704185
-179.417575
-179.775667
-180.178240
-179.523276
-180.040839
-179.691772
-178.893180
-178.878192
-179.195503
-178.830590
-178.824543
-178.978072
-178.825752
-178.796652
-179.138266
-179.354389
-178.798978
-178.968656
-179.122589
-178.913207
-178.853839
-178.780284
-179.182276
-178.873802
-179.073461
-178.884588
-179.080430
-179.099646
-178.999515
-179.114152
-178.991069
-179.111245
-179.135400
-179.127666
-179.182380
-179.108263
-178.970799
-179.039027
-178.954898
-179.381279
-179.090208
-179.251946
-179.110324
-179.097601
-179.142598
-179.040943
-179.236140
-179.146554
-179.069563
-179.077651
-178.909592
-179.015414
-178.970072
-179.062158
-179.163577
-179.145970
-179.110027
-179.237124
-179.602563
-179.045529
-176.660884
-180.043910
-180.317705
-179.262441
-182.765944
-179.769014
-180.700012
-181.953947
-178.831436
-182.214558
-181.538440
-180.744209
-182.457272
-185.319339
-182.380361
-180.925090
-181.850622
-181.130294
-182.327382
-183.179573
-183.772744
-181.505458
-181.389663
-182.788423
-183.300486
-182.858550
-182.995669
-182.500628
-183.144486
-184.505100
-181.903072
-184.035750
-183.962147
-184.157776
-184.754086
-182.578687
-183.587374
-183.624789
-183.527861
-184.141932
-183.483595
-182.154682
-183.336236
