0.000000
-13824.839905
-13851.371948
-14068.096802
-14337.423401
-13655.540710
-13068.930664
-13933.045105
-14527.032532
-14195.102966
-13899.720581
-13434.336121
-13552.856140
-13393.840698
-13490.854675
-13757.615417
-13296.825256
-14164.462341
-13342.975037
-13825.849548
-13628.876221
-13438.619995
-14251.171021
-14159.787720
-14728.715881
-13802.160889
-12984.391479
-13618.654785
-13511.355408
-13823.732117
-14011.937988
-13740.346619
-13438.310791
-13939.369141
-14226.993713
-14092.180481
-14045.250427
-13776.961609
-13919.368896
-14353.093140
-13572.201294
-13811.985718
-14967.427979
-14269.897217
-14050.693665
-14722.665405
-13145.585693
-14327.690369
-14081.254578
-13861.257507
-14224.640747
-14183.058167
-14212.735779
-13854.587769
-14097.989441
-14960.946167
-14934.624329
-14338.010742
-14684.485352
-14693.745789
-13417.768433
-13464.938293
-14648.479553
-14831.319824
-14393.411133
-14733.425110
-14297.502686
-14912.552612
-15005.387207
-15236.876770
-14972.885132
-15097.685181
-13727.424683
-13482.863281
-13582.979797
-13692.299744
-13827.885315
-13546.575012
-13418.693176
-13790.345398
-13406.983887
-13535.617371
-14085.359314
-13443.909363
-13602.591370
-13553.564270
-13729.321411
-13874.522949
-13940.179688
-13892.552795
-13107.181885
-13493.843811
-13464.092102
-14019.630859
-13907.544006
-14169.642822
-13820.788086
-13218.012573
-15047.997620
-13238.777283
-14535.426636
-13863.951111
-14018.356079
-13432.636414
-13995.496521
-15056.889893
-13804.763306
-13549.755859
-13772.618958
-13709.290161
-13537.723572
-13257.406799
-13221.990356
-13142.238159
-14176.134460
-13172.456787
-13943.388245
-13648.402893
-13680.810242
-13897.628357
-13439.521790
-14144.030212
-13526.134399
-13949.460022
-13451.310974
-13443.064392
-13814.996399
-13643.546997
-13315.420288
-13376.880676
-13399.871399
-13729.821777
-13812.122986
-13418.613586
-13765.129456
-13800.948914
-13433.659363
-13292.994995
-13170.516296
-13466.482361
-13163.691772
-13679.499390
-13535.334778
-13785.259888
-13940.485046
-13608.296387
-13834.751160
-13766.795837
-13775.708191
-13718.009094
-13776.558105
-13522.419373
-13828.963135
-13815.104431
-13636.375793
-13745.232239
-13798.336670
-13804.173096
-13785.671448
-14013.055847
-13576.560913
-13909.890747
-13788.014954
-13913.794373
-13785.913940
-13385.334412
-13925.696777
-13595.079346
-13822.957825
-13850.412170
-13705.175110
-13727.327637
-13800.536926
-13756.905151
-13472.665649
-13853.333923
-13966.622314
-13816.791809
-13636.449219
-13502.751282
-13843.419739
-13506.945190
-13575.637207
-13582.200623
-13607.461548
-13438.877991
-13579.008606
-13509.842773
-13526.742554
-13767.298523
-13419.484985
-13513.532715
-13711.184021
-13586.142273
-13582.339233
-13759.315308
-13769.514465
-13542.787109
-13673.220703
-13257.913818
-13597.792114
-13575.101318
-13351.870178
-13807.700928
-13617.621948
-13676.010071
-13734.160034
-13424.666809
-13126.729675
-13210.126038
-13657.645447
-13493.251953
-13885.372437
-13254.995056
-13392.044617
-13838.252380
-13566.349548
-13495.908508
-13182.168762
-13127.889099
-13329.417664
-13595.120911
-13287.808167
-13461.717041
-13816.283875
-13454.714478
-13429.588196
-13621.371948
-13085.076538
-13326.626343
-13309.516235
-13500.841187
-13316.612305
-13566.198608
-13258.383118
-13507.537109
-13515.833069
-13815.520142
-13216.932495
-13537.913940
-13197.310730
-13145.445679
-13478.002319
-13561.321838
-13777.042053
-13779.561890
-13664.508179
-13835.513611
-13574.047424
-13865.411499
-13636.553406
-13489.719849
-13590.213928
-13459.070068
-13606.507568
-13400.593323
-13600.238525
-13583.054016
-13510.795959
-13659.393738
-13713.483032
-13672.104248
-13917.044739
-13593.716980
-14091.148376
-13342.790039
-13576.296509
-13502.562134
-13476.844299
-13274.157959
-13504.586060
-13661.979126
-13323.868103
-13465.303467
-13585.932190
-13567.615662
-13575.427979
-13724.873047
-13486.747864
-13741.834656
-13701.765015
-13510.717957
-13500.165466
-13488.897522
-13622.221069
-13571.587891
-13541.156494
-13674.385254
-13741.350159
-13745.040833
-13657.653015
-13390.405457
-13584.846802
-13615.635498
-13477.705078
-13587.816956
-13483.106995
-13711.476807
-13363.807190
-13668.548096
-13549.537720
-13641.516479
-13675.431885
-13600.051270
-13621.594299
-13500.532227
-13460.888550
-13351.132385
-13704.725403
-13597.367188
-13695.843811
-13784.968506
-13413.119263
-13322.143372
-13534.549377
-13668.626648
-13837.750244
-13434.187439
-13701.882446
-13735.160339
-13630.882690
-13420.889282
-13852.789307
-13392.168518
-13404.105042
-13509.193542
-13393.807373
-13473.553955
-13648.758118
-13936.316223
-13417.073975
-13487.839355
-13805.406067
-13508.661316
-13581.311646
-13444.879456
-13620.524353
-13398.498718
-13846.565857
-13753.262756
-13741.918091
-13621.792419
-13548.443359
-13506.878357
-13568.897217
-13508.152466
-13606.822937
-13385.442627
-13718.717529
-13334.723572
-13345.033386
-12983.976990
-13177.983582
-13255.130554
-13464.948975
-13391.776184
-13711.586792
-13643.533752
-13929.106445
-13459.024109
-13756.275513
-13797.210754
-13522.477783
-13785.997864
-13880.826416
-13586.901917
-13576.664246
-13653.212952
-13657.092407
-13540.518555
-13653.071533
-13824.721436
-13635.245789
-13705.504944
-13399.287598
-13669.737976
-13215.118469
-13988.025024
-13453.621216
-13671.807739
-13522.907288
-13260.385437
-13533.040894
-13466.393494
-13666.289307
-13402.028992
-13145.301025
-13167.265320
-13415.031067
-13278.375488
-13677.932434
-13585.015137
-13431.982544
-13667.646362
-13415.428040
-13480.380615
-13089.699280
-13519.135071
-13298.595886
-13677.169189
-13713.952271
-13400.491028
-13530.993103
-13480.178772
-13507.238159
-13519.142456
-13563.946106
-13279.686279
-13087.449890
-13295.308838
-13775.858826
-13580.317383
-13466.071838
-13696.275635
-13666.242859
-13762.876587
-13796.412476
-13916.798157
-13961.551514
-13407.679321
-13829.204956
-13602.653870
-13798.685364
-13836.775757
-13821.742615
-13523.877563
-13859.045715
-13622.876831
-13532.272522
-13502.288818
-13653.672119
-13711.475891
-13631.211487
-13336.054138
-13757.722534
-13750.950317
-13417.449829
-13391.926697
-13634.755371
-13602.462952
-13448.722290
-13725.924438
-13414.596191
-13587.559448
-13697.734436
-13522.873535
-13737.290039
-13799.626160
-13358.831299
-13850.437744
-13397.078064
-13985.066956
-13523.822632
-13765.781860
-13447.237854
-13357.425842
-13662.643005
-13981.864807
-13988.872925
-13600.652527
-14020.780884
-13914.906128
-13629.118835
-13923.889648
-14000.428528
-14031.626282
-13694.293457
-14045.372009
-13948.678589
-14055.644714
-13920.559937
-14025.873901
-14013.027893
-13897.851379
-13958.864746
-14005.227356
-13948.757385
-13930.020142
-13945.505554
-14005.511047
-13753.430359
-14056.835388
-14007.694092
-13972.323120
-13687.830200
-14065.867615
-14058.443359
-13950.899048
-13961.858093
-13959.080383
-14020.323547
-13949.460083
-13810.619629
-13922.223083
-13995.911560
-13800.726929
-13442.054016
-13444.272095
-13590.031738
-13401.741211
-13688.905945
